#! FIELDS cv1 file.free der_cv1
#! SET min_cv1 0
#! SET max_cv1 3.0
#! SET nbins_cv1  301
#! SET periodic_cv1 false
    0.000000000  -39.629987727 -721.012295973
    0.010000000  -46.903744458 -727.476284286
    0.020000000  -54.085043534 -702.219375052
    0.030000000  -60.859862909 -647.128444974
    0.040000000  -66.958717516 -568.123781162
    0.050000000  -72.179222602 -473.489438801
    0.060000000  -76.419412437 -373.407827345
    0.070000000  -79.671888796 -277.480968422
    0.080000000  -82.020122360 -193.751660010
    0.090000000  -83.614266919 -127.508139150
    0.100000000  -84.644780785  -81.070633816
    0.110000000  -85.310338048  -53.815087388
    0.120000000  -85.784234692  -42.304698416
    0.130000000  -86.204579858  -41.953249151
    0.140000000  -86.653616558  -47.257807194
    0.150000000  -87.166059661  -53.453186747
    0.160000000  -87.723514803  -56.279754230
    0.170000000  -88.282021043  -53.539306258
    0.180000000  -88.783271430  -44.812696671
    0.190000000  -89.167928700  -31.322735354
    0.200000000  -89.399623287  -15.569754434
    0.210000000  -89.471152523   -0.301430539
    0.220000000  -89.402338573   11.767348944
    0.230000000  -89.240966244   18.774574896
    0.240000000  -89.033633813   19.833593397
    0.250000000  -88.841693056   16.066065912
    0.260000000  -88.706640570    9.619819797
    0.270000000  -88.637348684    3.112992767
    0.280000000  -88.623878791   -0.789621469
    0.290000000  -88.627535713   -0.279907371
    0.300000000  -88.598119553    5.310561887
    0.310000000  -88.489966542   15.949104647
    0.320000000  -88.262627887   29.274003202
    0.330000000  -87.894259918   42.420480607
    0.340000000  -87.408839300   53.466303751
    0.350000000  -86.829619244   60.308383863
    0.360000000  -86.203765584   62.605865192
    0.370000000  -85.575147557   61.019663095
    0.380000000  -84.974957228   57.528061686
    0.390000000  -84.407553952   54.059238248
    0.400000000  -83.868168171   52.878960415
    0.410000000  -83.321433894   55.201729164
    0.420000000  -82.736589397   61.401902611
    0.430000000  -82.077568785   69.766515673
    0.440000000  -81.324507134   79.592268916
    0.450000000  -80.474344048   88.833138927
    0.460000000  -79.539319233   96.402468194
    0.470000000  -78.543403508  100.806187304
    0.480000000  -77.523488634  101.311733540
    0.490000000  -76.514190930   98.762945606
    0.500000000  -75.545535931   93.037485253
    0.510000000  -74.644667610   85.267324668
    0.520000000  -73.825257287   75.852241854
    0.530000000  -73.108171667   66.338233909
    0.540000000  -72.484026587   57.426906413
    0.550000000  -71.943884306   49.435088447
    0.560000000  -71.477487667   43.502585879
    0.570000000  -71.057370808   39.974500845
    0.580000000  -70.658611909   39.105231286
    0.590000000  -70.250192435   41.227700156
    0.600000000  -69.805583267   46.250804006
    0.610000000  -69.299826265   53.927096845
    0.620000000  -68.705088682   63.432619186
    0.630000000  -68.008118793   74.263486533
    0.640000000  -67.205807932   85.214129848
    0.650000000  -66.299472914   95.001510171
    0.660000000  -65.302283599  102.700218408
    0.670000000  -64.238350571  107.495098738
    0.680000000  -63.145929109  109.209420056
    0.690000000  -62.053285347  107.609793983
    0.700000000  -60.992761624  103.456292786
    0.710000000  -59.979871936   97.496329592
    0.720000000  -59.029965392   91.237626259
    0.730000000  -58.144183014   85.680005294
    0.740000000  -57.304662565   81.602231578
    0.750000000  -56.492620359   79.604989850
    0.760000000  -55.692452772   79.312456016
    0.770000000  -54.888097778   79.654665588
    0.780000000  -54.088303264   79.713377100
    0.790000000  -53.293197813   78.423555826
    0.800000000  -52.517040933   74.225609361
    0.810000000  -51.800033321   67.756105703
    0.820000000  -51.158814759   58.759953608
    0.830000000  -50.619970835   48.148001583
    0.840000000  -50.192126427   36.675597033
    0.850000000  -49.871099474   25.586399790
    0.860000000  -49.656346943   16.625851277
    0.870000000  -49.518317320   10.204679337
    0.880000000  -49.431974821    6.923262361
    0.890000000  -49.363635977    6.868375718
    0.900000000  -49.278879892    9.296908071
    0.910000000  -49.162152152   14.067473807
    0.920000000  -48.987879796   20.092987861
    0.930000000  -48.746542939   27.068662378
    0.940000000  -48.434792058   34.759128321
    0.950000000  -48.041446691   42.522744675
    0.960000000  -47.573445030   50.110964207
    0.970000000  -47.034200047   56.670484288
    0.980000000  -46.436917076   61.326173889
    0.990000000  -45.809456165   63.136218319
    1.000000000  -45.181136250   61.553992988
    1.010000000  -44.587955515   55.624977975
    1.020000000  -44.073618330   45.887953871
    1.030000000  -43.670571763   33.495562080
    1.040000000  -43.401804553   19.862049513
    1.050000000  -43.270461213    6.299862700
    1.060000000  -43.264698703   -5.568877047
    1.070000000  -43.363290523  -14.499730730
    1.080000000  -43.537036477  -19.915434235
    1.090000000  -43.746144015  -22.241718562
    1.100000000  -43.964178858  -22.492468642
    1.110000000  -44.178789693  -21.274360176
    1.120000000  -44.380116371  -19.255366750
    1.130000000  -44.562823999  -17.648503899
    1.140000000  -44.734215470  -16.741752607
    1.150000000  -44.895348002  -16.907191745
    1.160000000  -45.061530492  -17.034309153
    1.170000000  -45.231560906  -17.550892146
    1.180000000  -45.407127465  -18.266215506
    1.190000000  -45.590848641  -18.835004558
    1.200000000  -45.779784664  -19.619642266
    1.210000000  -45.980335987  -20.997680211
    1.220000000  -46.197847667  -22.702899219
    1.230000000  -46.437912528  -25.540651726
    1.240000000  -46.709746761  -29.346725157
    1.250000000  -47.019893092  -33.865343457
    1.260000000  -47.381674816  -38.680516257
    1.270000000  -47.788259243  -43.128136726
    1.280000000  -48.236886582  -46.914516410
    1.290000000  -48.714996548  -48.699148422
    1.300000000  -49.200445448  -48.276169677
    1.310000000  -49.663780417  -44.990077028
    1.320000000  -50.085645540  -39.121606763
    1.330000000  -50.436663259  -31.434748110
    1.340000000  -50.707944204  -23.150862713
    1.350000000  -50.899051547  -15.482432115
    1.360000000  -51.018982513   -9.721699626
    1.370000000  -51.096437767   -6.460070078
    1.380000000  -51.155188765   -6.446043507
    1.390000000  -51.231116125   -9.546938135
    1.400000000  -51.348331715  -14.415306453
    1.410000000  -51.522614280  -20.632166449
    1.420000000  -51.758309322  -27.063598408
    1.430000000  -52.055021870  -32.647759678
    1.440000000  -52.399296880  -36.726108342
    1.450000000  -52.777611713  -39.198646022
    1.460000000  -53.174648675  -40.201167079
    1.470000000  -53.577985074  -40.775343626
    1.480000000  -53.983729988  -41.311968475
    1.490000000  -54.399169062  -42.191226693
    1.500000000  -54.827786619  -44.003709820
    1.510000000  -55.273455821  -46.173016490
    1.520000000  -55.745668295  -48.782580663
    1.530000000  -56.238626495  -50.303642999
    1.540000000  -56.742223688  -50.414889052
    1.550000000  -57.233097046  -48.233086571
    1.560000000  -57.690873240  -43.305123545
    1.570000000  -58.086363906  -35.529724895
    1.580000000  -58.391724406  -25.977775407
    1.590000000  -58.597769833  -15.145260538
    1.600000000  -58.690345967   -4.539691624
    1.610000000  -58.681500018    5.073085652
    1.620000000  -58.590111277   12.652842566
    1.630000000  -58.431511794   17.335099767
    1.640000000  -58.245701533   19.171209526
    1.650000000  -58.055223426   17.627970324
    1.660000000  -57.889651373   14.326012634
    1.670000000  -57.762968742    9.422977963
    1.680000000  -57.691092778    4.762734942
    1.690000000  -57.658738907    0.939529315
    1.700000000  -57.656987094   -0.359820876
    1.710000000  -57.649381560    1.400653579
    1.720000000  -57.605895475    6.877504092
    1.730000000  -57.487969009   16.565555039
    1.740000000  -57.256388867   29.374564357
    1.750000000  -56.882085676   44.824340416
    1.760000000  -56.342645741   61.383878278
    1.770000000  -55.638672875   78.179844037
    1.780000000  -54.769450610   93.911907138
    1.790000000  -53.752201647  107.780172805
    1.800000000  -52.607172070  119.557674401
    1.810000000  -51.354607773  129.553573948
    1.820000000  -50.007182884  138.138164175
    1.830000000  -48.578120148  146.589605693
    1.840000000  -47.060970155  155.428006602
    1.850000000  -45.449253535  165.929232169
    1.860000000  -43.722632784  178.447046033
    1.870000000  -41.859101362  193.085683523
    1.880000000  -39.842920759  209.826454914
    1.890000000  -37.649883334  227.071097688
    1.900000000  -35.287674739  244.375994870
    1.910000000  -32.757526179  259.580387551
    1.920000000  -30.089861332  271.535311186
    1.930000000  -27.325711518  279.055822846
    1.940000000  -24.513607497  281.166724659
    1.950000000  -21.708820577  277.445249873
    1.960000000  -18.967133165  268.015680709
    1.970000000  -16.346618582  253.938537138
    1.980000000  -13.888725162  235.978840300
    1.990000000  -11.624543799  215.035928207
    2.000000000   -9.582282966  192.598127172
    2.010000000   -7.766579173  169.091660864
    2.020000000   -6.183743906  145.571397172
    2.030000000   -4.836759382  123.275643829
    2.040000000   -3.706619286  102.149219508
    2.050000000   -2.778878264   82.704465711
    2.060000000   -2.035301012   65.343669657
    2.070000000   -1.453390933   50.238319298
    2.080000000   -1.011947393   37.641017640
    2.090000000   -0.683792451   27.263730399
    2.100000000   -0.450208010   19.251811691
    2.110000000   -0.284773925   12.951584684
    2.120000000   -0.175646925    8.514891814
    2.130000000   -0.105273060    5.437122820
    2.140000000   -0.059873809    3.265431808
    2.150000000   -0.033550303    1.942782420
    2.160000000   -0.017387509    1.056285999
    2.170000000   -0.008340335    0.527683447
    2.180000000   -0.003375212    0.220815080
    2.190000000   -0.001220592    0.082905368
    2.200000000   -0.000606599    0.043627998
    2.210000000   -0.000000000   -0.000000000
    2.220000000   -0.000000000   -0.000000000
    2.230000000   -0.000000000   -0.000000000
    2.240000000   -0.000000000   -0.000000000
    2.250000000   -0.000000000   -0.000000000
    2.260000000   -0.000000000   -0.000000000
    2.270000000   -0.000000000   -0.000000000
    2.280000000   -0.000000000   -0.000000000
    2.290000000   -0.000000000   -0.000000000
    2.300000000   -0.000000000   -0.000000000
    2.310000000   -0.000000000   -0.000000000
    2.320000000   -0.000000000   -0.000000000
    2.330000000   -0.000000000   -0.000000000
    2.340000000   -0.000000000   -0.000000000
    2.350000000   -0.000000000   -0.000000000
    2.360000000   -0.000000000   -0.000000000
    2.370000000   -0.000000000   -0.000000000
    2.380000000   -0.000000000   -0.000000000
    2.390000000   -0.000000000   -0.000000000
    2.400000000   -0.000000000   -0.000000000
    2.410000000   -0.000000000   -0.000000000
    2.420000000   -0.000000000   -0.000000000
    2.430000000   -0.000000000   -0.000000000
    2.440000000   -0.000000000   -0.000000000
    2.450000000   -0.000000000   -0.000000000
    2.460000000   -0.000000000   -0.000000000
    2.470000000   -0.000000000   -0.000000000
    2.480000000   -0.000000000   -0.000000000
    2.490000000   -0.000000000   -0.000000000
    2.500000000   -0.000000000   -0.000000000
    2.510000000   -0.000000000   -0.000000000
    2.520000000   -0.000000000   -0.000000000
    2.530000000   -0.000000000   -0.000000000
    2.540000000   -0.000000000   -0.000000000
    2.550000000   -0.000000000   -0.000000000
    2.560000000   -0.000000000   -0.000000000
    2.570000000   -0.000000000   -0.000000000
    2.580000000   -0.000000000   -0.000000000
    2.590000000   -0.000000000   -0.000000000
    2.600000000   -0.000000000   -0.000000000
    2.610000000   -0.000000000   -0.000000000
    2.620000000   -0.000000000   -0.000000000
    2.630000000   -0.000000000   -0.000000000
    2.640000000   -0.000000000   -0.000000000
    2.650000000   -0.000000000   -0.000000000
    2.660000000   -0.000000000   -0.000000000
    2.670000000   -0.000000000   -0.000000000
    2.680000000   -0.000000000   -0.000000000
    2.690000000   -0.000000000   -0.000000000
    2.700000000   -0.000000000   -0.000000000
    2.710000000   -0.000000000   -0.000000000
    2.720000000   -0.000000000   -0.000000000
    2.730000000   -0.000000000   -0.000000000
    2.740000000   -0.000000000   -0.000000000
    2.750000000   -0.000000000   -0.000000000
    2.760000000   -0.000000000   -0.000000000
    2.770000000   -0.000000000   -0.000000000
    2.780000000   -0.000000000   -0.000000000
    2.790000000   -0.000000000   -0.000000000
    2.800000000   -0.000000000   -0.000000000
    2.810000000   -0.000000000   -0.000000000
    2.820000000   -0.000000000   -0.000000000
    2.830000000   -0.000000000   -0.000000000
    2.840000000   -0.000000000   -0.000000000
    2.850000000   -0.000000000   -0.000000000
    2.860000000   -0.000000000   -0.000000000
    2.870000000   -0.000000000   -0.000000000
    2.880000000   -0.000000000   -0.000000000
    2.890000000   -0.000000000   -0.000000000
    2.900000000   -0.000000000   -0.000000000
    2.910000000   -0.000000000   -0.000000000
    2.920000000   -0.000000000   -0.000000000
    2.930000000   -0.000000000   -0.000000000
    2.940000000   -0.000000000   -0.000000000
    2.950000000   -0.000000000   -0.000000000
    2.960000000   -0.000000000   -0.000000000
    2.970000000   -0.000000000   -0.000000000
    2.980000000   -0.000000000   -0.000000000
    2.990000000   -0.000000000   -0.000000000
    3.000000000   -0.000000000   -0.000000000
