#! FIELDS cv1 file.free der_cv1
#! SET min_cv1 0
#! SET max_cv1 3.0
#! SET nbins_cv1  301
#! SET periodic_cv1 false
    0.000000000 -135.232998186 -1725.111906748
    0.010000000 -151.498622559 -1512.121342624
    0.020000000 -165.271332163 -1231.020443512
    0.030000000 -176.029221153 -916.010510095
    0.040000000 -183.629186483 -605.370639000
    0.050000000 -188.286060371 -332.887542402
    0.060000000 -190.517981940 -123.061120948
    0.070000000 -191.017776726   13.074061591
    0.080000000 -190.519361976   77.939427132
    0.090000000 -189.677893263   84.531860607
    0.100000000 -188.979697240   52.301933407
    0.110000000 -188.716817651    1.364179493
    0.120000000 -188.976016993  -50.118494032
    0.130000000 -189.702580242  -90.125078311
    0.140000000 -190.741837234 -112.252321032
    0.150000000 -191.912615489 -116.151617488
    0.160000000 -193.037649417 -104.636698236
    0.170000000 -193.994833568  -83.434857457
    0.180000000 -194.715082841  -58.357513942
    0.190000000 -195.162167251  -36.631546258
    0.200000000 -195.394312959  -19.883569121
    0.210000000 -195.495742150   -8.303860771
    0.220000000 -195.524781911   -2.817678858
    0.230000000 -195.542345094   -3.148707546
    0.240000000 -195.582986507   -7.386554367
    0.250000000 -195.673859332  -13.069220421
    0.260000000 -195.823551440  -17.584108507
    0.270000000 -196.002297748  -19.179589917
    0.280000000 -196.180356830  -16.899280744
    0.290000000 -196.309183839  -10.952380458
    0.300000000 -196.362591846   -2.301024781
    0.310000000 -196.320358486    8.126977117
    0.320000000 -196.176246793   18.165275190
    0.330000000 -195.939608954   25.651953090
    0.340000000 -195.648324036   29.742105809
    0.350000000 -195.333772893   29.457083706
    0.360000000 -195.040083042   25.969536428
    0.370000000 -194.794190258   20.212585010
    0.380000000 -194.609256717   14.790732219
    0.390000000 -194.462862743   11.307564965
    0.400000000 -194.337830950   12.069804324
    0.410000000 -194.181625017   17.212106181
    0.420000000 -193.954449014   26.808703271
    0.430000000 -193.618468148   38.690864485
    0.440000000 -193.151373904   51.767269830
    0.450000000 -192.553064198   64.378388589
    0.460000000 -191.836064867   75.137905542
    0.470000000 -191.027822579   83.676695556
    0.480000000 -190.148443642   89.073878628
    0.490000000 -189.225406264   92.964830380
    0.500000000 -188.270792361   94.988605800
    0.510000000 -187.302008425   96.165525183
    0.520000000 -186.317473381   96.249897971
    0.530000000 -185.341999837   96.403171208
    0.540000000 -184.363764718   96.231850901
    0.550000000 -183.389795353   96.002640527
    0.560000000 -182.419500330   95.921276889
    0.570000000 -181.444728510   96.600057596
    0.580000000 -180.463105218   97.882231799
    0.590000000 -179.459860304   99.817327135
    0.600000000 -178.430911595  102.097740968
    0.610000000 -177.380854115  104.783091046
    0.620000000 -176.306179389  107.028863418
    0.630000000 -175.207609767  108.744628168
    0.640000000 -174.100943679  109.778598090
    0.650000000 -172.993739045  109.162810164
    0.660000000 -171.897346721  107.867807333
    0.670000000 -170.816731991  104.708621891
    0.680000000 -169.775314151  100.275228723
    0.690000000 -168.784788664   94.682544557
    0.700000000 -167.855589625   88.233361307
    0.710000000 -166.994479962   81.396253533
    0.720000000 -166.196118891   75.449316827
    0.730000000 -165.453203616   71.503041070
    0.740000000 -164.735500836   69.785583627
    0.750000000 -164.019105142   70.936315847
    0.760000000 -163.278024534   74.554705789
    0.770000000 -162.492826146   79.269123318
    0.780000000 -161.668299781   83.728933727
    0.790000000 -160.800465081   87.137478569
    0.800000000 -159.905632747   87.774934450
    0.810000000 -159.020642754   86.768742020
    0.820000000 -158.156095232   84.048533289
    0.830000000 -157.324592991   80.145994135
    0.840000000 -156.530566234   76.216101515
    0.850000000 -155.768069526   72.889045741
    0.860000000 -155.035666483   71.204617507
    0.870000000 -154.318070005   70.237462234
    0.880000000 -153.605256163   69.799572288
    0.890000000 -152.901498306   69.099062621
    0.900000000 -152.207195609   66.780563288
    0.910000000 -151.548446654   63.218387278
    0.920000000 -150.931701942   57.858998925
    0.930000000 -150.366934078   52.144200459
    0.940000000 -149.859230099   47.697535734
    0.950000000 -149.381710394   44.748035066
    0.960000000 -148.924867620   44.700418542
    0.970000000 -148.455386369   47.220186662
    0.980000000 -147.948303473   51.632604274
    0.990000000 -147.397854788   56.389411094
    1.000000000 -146.802891325   61.178794380
    1.010000000 -146.168330525   64.065022268
    1.020000000 -145.509314953   64.388263403
    1.030000000 -144.855115872   63.835391004
    1.040000000 -144.215076147   61.996545274
    1.050000000 -143.597109827   59.490703187
    1.060000000 -143.005341340   56.922689760
    1.070000000 -142.440279658   54.029175512
    1.080000000 -141.906683572   50.257577842
    1.090000000 -141.414101197   45.514762284
    1.100000000 -140.982268452   38.423762913
    1.110000000 -140.633470710   28.901839792
    1.120000000 -140.388691539   17.922926111
    1.130000000 -140.263871732    5.954111051
    1.140000000 -140.258004703   -5.995492105
    1.150000000 -140.357707868  -16.670918088
    1.160000000 -140.553983724  -23.964460069
    1.170000000 -140.807306023  -28.773436223
    1.180000000 -141.097647412  -30.996947106
    1.190000000 -141.403107806  -31.391305417
    1.200000000 -141.707620508  -31.406252363
    1.210000000 -142.017325251  -31.834583123
    1.220000000 -142.331140629  -33.055506549
    1.230000000 -142.669686516  -35.724982481
    1.240000000 -143.030741108  -39.310870922
    1.250000000 -143.431497902  -42.839193114
    1.260000000 -143.871733347  -46.471126378
    1.270000000 -144.344265375  -49.560452840
    1.280000000 -144.847815211  -52.553547623
    1.290000000 -145.373678195  -54.278458434
    1.300000000 -145.911373599  -54.766925064
    1.310000000 -146.446010180  -53.694028199
    1.320000000 -146.966638694  -51.224532536
    1.330000000 -147.457358968  -47.842640623
    1.340000000 -147.907666640  -43.591157597
    1.350000000 -148.313727370  -39.028095101
    1.360000000 -148.669296939  -35.416770292
    1.370000000 -149.001985810  -32.614463867
    1.380000000 -149.311094639  -31.396799885
    1.390000000 -149.621852535  -32.462927590
    1.400000000 -149.951473627  -34.951102588
    1.410000000 -150.316354563  -39.359420151
    1.420000000 -150.726105107  -44.677916039
    1.430000000 -151.190864217  -49.994221675
    1.440000000 -151.703158666  -54.352747227
    1.450000000 -152.250878612  -56.847846373
    1.460000000 -152.815749804  -56.572507945
    1.470000000 -153.365760002  -54.464632757
    1.480000000 -153.877839152  -49.924231007
    1.490000000 -154.339452947  -43.267770718
    1.500000000 -154.728096868  -36.175939501
    1.510000000 -155.039794865  -28.890914837
    1.520000000 -155.285276967  -22.492881475
    1.530000000 -155.473972677  -17.221614205
    1.540000000 -155.621324361  -13.703152132
    1.550000000 -155.736116422  -11.811686751
    1.560000000 -155.843396063  -11.399497309
    1.570000000 -155.947652897  -11.335999433
    1.580000000 -156.052873293  -11.884495125
    1.590000000 -156.166936346  -11.499198255
    1.600000000 -156.262326703  -10.617398354
    1.610000000 -156.345217574   -7.379171528
    1.620000000 -156.390837245   -2.509141053
    1.630000000 -156.374105357    3.639470789
    1.640000000 -156.295142646   10.918347263
    1.650000000 -156.138573457   17.178665413
    1.660000000 -155.923544417   23.575859768
    1.670000000 -155.653449609   28.136033897
    1.680000000 -155.344159952   31.645062818
    1.690000000 -155.002857387   34.154331718
    1.700000000 -154.636335437   36.641551601
    1.710000000 -154.240302778   40.390576540
    1.720000000 -153.804811401   45.500964703
    1.730000000 -153.303042869   53.044984560
    1.740000000 -152.715789057   61.693438334
    1.750000000 -152.037619562   72.017926516
    1.760000000 -151.248902569   82.576263356
    1.770000000 -150.361629170   92.572575881
    1.780000000 -149.377478591  101.306056823
    1.790000000 -148.312009092  109.079924128
    1.800000000 -147.179134901  115.328271544
    1.810000000 -145.983601915  121.196246809
    1.820000000 -144.727307317  127.298826927
    1.830000000 -143.404287434  135.050799359
    1.840000000 -141.988663629  144.993458793
    1.850000000 -140.461935836  158.218631726
    1.860000000 -138.789068427  174.295103554
    1.870000000 -136.947010549  191.895726334
    1.880000000 -134.923603038  210.468736397
    1.890000000 -132.716486979  227.847398362
    1.900000000 -130.344754665  243.072707835
    1.910000000 -127.833037593  254.818611758
    1.920000000 -125.224442539  263.179400938
    1.930000000 -122.545579282  268.612879811
    1.940000000 -119.824166678  273.204037022
    1.950000000 -117.050806641  278.092407599
    1.960000000 -114.214227588  285.620656495
    1.970000000 -111.282358640  298.073906074
    1.980000000 -108.199147042  315.965203488
    1.990000000 -104.908067971  339.264364252
    2.000000000 -101.362373967  367.745440218
    2.010000000  -97.510712815  399.648899140
    2.020000000  -93.323518030  433.598225713
    2.030000000  -88.796888331  469.032509974
    2.040000000  -83.914891725  503.534231603
    2.050000000  -78.697308251  536.257294367
    2.060000000  -73.168116844  565.503746263
    2.070000000  -67.370655782  589.664180759
    2.080000000  -61.366144254  607.056089705
    2.090000000  -55.224373308  615.366019769
    2.100000000  -49.055517725  614.355449263
    2.110000000  -42.947838283  601.877306577
    2.120000000  -37.022643029  578.521490818
    2.130000000  -31.387081021  544.855361700
    2.140000000  -26.131304235  501.703847215
    2.150000000  -21.343828272  451.655748915
    2.160000000  -17.085583785  397.328441645
    2.170000000  -13.379534966  340.586904670
    2.180000000  -10.241541521  284.598859095
    2.190000000   -7.651099403  231.372110012
    2.200000000   -5.572549724  182.881323126
    2.210000000   -3.951091223  140.307754714
    2.220000000   -2.724723627  104.423286740
    2.230000000   -1.824821204   75.256255673
    2.240000000   -1.179670683   52.030428818
    2.250000000   -0.739699029   34.839580569
    2.260000000   -0.446514834   22.352436284
    2.270000000   -0.262007768   13.945447040
    2.280000000   -0.148303882    8.372947103
    2.290000000   -0.078152478    4.633023595
    2.300000000   -0.039416841    2.451158981
    2.310000000   -0.017764815    1.152340315
    2.320000000   -0.008097730    0.551291065
    2.330000000   -0.001721491    0.119652127
    2.340000000   -0.000000000   -0.000000000
    2.350000000   -0.000000000   -0.000000000
    2.360000000   -0.000000000   -0.000000000
    2.370000000   -0.000000000   -0.000000000
    2.380000000   -0.000000000   -0.000000000
    2.390000000   -0.000000000   -0.000000000
    2.400000000   -0.000000000   -0.000000000
    2.410000000   -0.000000000   -0.000000000
    2.420000000   -0.000000000   -0.000000000
    2.430000000   -0.000000000   -0.000000000
    2.440000000   -0.000000000   -0.000000000
    2.450000000   -0.000000000   -0.000000000
    2.460000000   -0.000000000   -0.000000000
    2.470000000   -0.000000000   -0.000000000
    2.480000000   -0.000000000   -0.000000000
    2.490000000   -0.000000000   -0.000000000
    2.500000000   -0.000000000   -0.000000000
    2.510000000   -0.000000000   -0.000000000
    2.520000000   -0.000000000   -0.000000000
    2.530000000   -0.000000000   -0.000000000
    2.540000000   -0.000000000   -0.000000000
    2.550000000   -0.000000000   -0.000000000
    2.560000000   -0.000000000   -0.000000000
    2.570000000   -0.000000000   -0.000000000
    2.580000000   -0.000000000   -0.000000000
    2.590000000   -0.000000000   -0.000000000
    2.600000000   -0.000000000   -0.000000000
    2.610000000   -0.000000000   -0.000000000
    2.620000000   -0.000000000   -0.000000000
    2.630000000   -0.000000000   -0.000000000
    2.640000000   -0.000000000   -0.000000000
    2.650000000   -0.000000000   -0.000000000
    2.660000000   -0.000000000   -0.000000000
    2.670000000   -0.000000000   -0.000000000
    2.680000000   -0.000000000   -0.000000000
    2.690000000   -0.000000000   -0.000000000
    2.700000000   -0.000000000   -0.000000000
    2.710000000   -0.000000000   -0.000000000
    2.720000000   -0.000000000   -0.000000000
    2.730000000   -0.000000000   -0.000000000
    2.740000000   -0.000000000   -0.000000000
    2.750000000   -0.000000000   -0.000000000
    2.760000000   -0.000000000   -0.000000000
    2.770000000   -0.000000000   -0.000000000
    2.780000000   -0.000000000   -0.000000000
    2.790000000   -0.000000000   -0.000000000
    2.800000000   -0.000000000   -0.000000000
    2.810000000   -0.000000000   -0.000000000
    2.820000000   -0.000000000   -0.000000000
    2.830000000   -0.000000000   -0.000000000
    2.840000000   -0.000000000   -0.000000000
    2.850000000   -0.000000000   -0.000000000
    2.860000000   -0.000000000   -0.000000000
    2.870000000   -0.000000000   -0.000000000
    2.880000000   -0.000000000   -0.000000000
    2.890000000   -0.000000000   -0.000000000
    2.900000000   -0.000000000   -0.000000000
    2.910000000   -0.000000000   -0.000000000
    2.920000000   -0.000000000   -0.000000000
    2.930000000   -0.000000000   -0.000000000
    2.940000000   -0.000000000   -0.000000000
    2.950000000   -0.000000000   -0.000000000
    2.960000000   -0.000000000   -0.000000000
    2.970000000   -0.000000000   -0.000000000
    2.980000000   -0.000000000   -0.000000000
    2.990000000   -0.000000000   -0.000000000
    3.000000000   -0.000000000   -0.000000000
