#! FIELDS cv1 file.free der_cv1
#! SET min_cv1 0
#! SET max_cv1 3.0
#! SET nbins_cv1  301
#! SET periodic_cv1 false
    0.000000000 -121.827463861 -1592.398287078
    0.010000000 -136.914458326 -1409.780464812
    0.020000000 -149.827483017 -1162.884928887
    0.030000000 -160.080188936 -882.757350558
    0.040000000 -167.509458685 -603.477752255
    0.050000000 -172.278166890 -355.732337676
    0.060000000 -174.824298762 -161.966831252
    0.070000000 -175.755651098  -33.098161997
    0.080000000 -175.722846703   32.212195412
    0.090000000 -175.308050185   45.289158241
    0.100000000 -174.956203341   22.730704745
    0.110000000 -174.933726429  -17.487301536
    0.120000000 -175.332926605  -59.565298686
    0.130000000 -176.112933535  -92.496238920
    0.140000000 -177.155075692 -111.029529432
    0.150000000 -178.302444625 -114.115405352
    0.160000000 -179.417763323 -104.744968445
    0.170000000 -180.393065580  -87.084692965
    0.180000000 -181.168481203  -65.719762457
    0.190000000 -181.711099576  -46.076756795
    0.200000000 -182.047174582  -29.787637561
    0.210000000 -182.245304962  -16.224061915
    0.220000000 -182.328545831   -6.132073313
    0.230000000 -182.342432263    0.552515052
    0.240000000 -182.309423694    4.166406694
    0.250000000 -182.249053638    5.596174913
    0.260000000 -182.188187216    6.007231688
    0.270000000 -182.119177676    5.523907158
    0.280000000 -182.056990078    5.564061464
    0.290000000 -181.995828071    5.208930864
    0.300000000 -181.930170844    5.659625252
    0.310000000 -181.857592263    6.565917792
    0.320000000 -181.768080113    8.992962873
    0.330000000 -181.649976179   12.554442758
    0.340000000 -181.490887455   17.077307247
    0.350000000 -181.282454087   22.313063860
    0.360000000 -181.027742489   26.908002147
    0.370000000 -180.727204807   30.090629450
    0.380000000 -180.400090457   31.675417241
    0.390000000 -180.075696152   31.395708011
    0.400000000 -179.761124590   28.509919021
    0.410000000 -179.484866210   23.653175812
    0.420000000 -179.264830746   18.076994301
    0.430000000 -179.104877333   12.375360327
    0.440000000 -178.993624793    7.097626485
    0.450000000 -178.926261872    3.138117538
    0.460000000 -178.892790405    2.132663387
    0.470000000 -178.853426422    4.017833807
    0.480000000 -178.776705357    9.014887782
    0.490000000 -178.638625403   16.980773153
    0.500000000 -178.409546790   27.063371463
    0.510000000 -178.072176180   37.523513971
    0.520000000 -177.630718083   48.037075568
    0.530000000 -177.093810796   56.395256201
    0.540000000 -176.483382198   62.544273653
    0.550000000 -175.827669023   65.813569627
    0.560000000 -175.150177219   66.376078481
    0.570000000 -174.479994177   65.134209674
    0.580000000 -173.828789989   62.217197353
    0.590000000 -173.211307989   59.404331895
    0.600000000 -172.619040105   56.311544904
    0.610000000 -172.054231693   54.057977862
    0.620000000 -171.511328644   52.877005573
    0.630000000 -170.970852355   52.360850800
    0.640000000 -170.434717204   52.717085969
    0.650000000 -169.891964351   53.534065843
    0.660000000 -169.339858520   53.438364046
    0.670000000 -168.794038499   53.341348230
    0.680000000 -168.248418593   52.141678467
    0.690000000 -167.722902831   50.734420770
    0.700000000 -167.210660582   49.125760794
    0.710000000 -166.711721199   48.164438020
    0.720000000 -166.223657764   48.037216300
    0.730000000 -165.727767264   48.492739426
    0.740000000 -165.219912260   50.235646291
    0.750000000 -164.691794740   53.449496218
    0.760000000 -164.127528193   56.911415289
    0.770000000 -163.526318938   61.234193256
    0.780000000 -162.879380921   65.423807765
    0.790000000 -162.192060432   68.775419925
    0.800000000 -161.483983991   70.592277157
    0.810000000 -160.770499015   70.083157733
    0.820000000 -160.075010464   66.127936649
    0.830000000 -159.430938361   58.913673774
    0.840000000 -158.874143682   49.972413180
    0.850000000 -158.413124539   40.161414854
    0.860000000 -158.047047904   30.970426701
    0.870000000 -157.768182392   23.740748900
    0.880000000 -157.545430972   18.904543951
    0.890000000 -157.359958521   16.899486315
    0.900000000 -157.176672826   16.603747120
    0.910000000 -156.995835173   17.253649355
    0.920000000 -156.809270835   17.146115926
    0.930000000 -156.630287126   15.690908191
    0.940000000 -156.482562409   12.317416564
    0.950000000 -156.375388260    7.064554329
    0.960000000 -156.325870515    0.954788549
    0.970000000 -156.339111239   -5.372312653
    0.980000000 -156.410593634  -10.898536702
    0.990000000 -156.526694642  -14.715952904
    1.000000000 -156.669929904  -16.085246667
    1.010000000 -156.816451026  -15.185249944
    1.020000000 -156.950560302  -12.572433701
    1.030000000 -157.051873194   -9.764626630
    1.040000000 -157.130345922   -7.710912520
    1.050000000 -157.198724954   -8.077322570
    1.060000000 -157.282904816  -11.986720762
    1.070000000 -157.423847557  -19.120569250
    1.080000000 -157.655303310  -28.867786455
    1.090000000 -157.983904900  -39.775916523
    1.100000000 -158.423375173  -49.967844637
    1.110000000 -158.955188559  -57.403156093
    1.120000000 -159.545679017  -60.874414590
    1.130000000 -160.145800195  -60.344953514
    1.140000000 -160.723146162  -55.880292475
    1.150000000 -161.239297720  -49.100993211
    1.160000000 -161.682573978  -41.580297763
    1.170000000 -162.059528683  -36.087922869
    1.180000000 -162.395919701  -33.143286498
    1.190000000 -162.719453964  -33.839545811
    1.200000000 -163.066957388  -38.227477395
    1.210000000 -163.477546664  -45.760315781
    1.220000000 -163.974938997  -55.738572720
    1.230000000 -164.582933911  -67.384311613
    1.240000000 -165.308739433  -79.944376281
    1.250000000 -166.161143169  -92.656965990
    1.260000000 -167.141623015 -105.082689640
    1.270000000 -168.249015225 -116.699607805
    1.280000000 -169.463285245 -127.051540204
    1.290000000 -170.769017211 -135.698478757
    1.300000000 -172.148811785 -141.762369366
    1.310000000 -173.579285032 -146.122452292
    1.320000000 -175.040725157 -147.966854028
    1.330000000 -176.518385041 -148.238823250
    1.340000000 -177.987518044 -147.217888749
    1.350000000 -179.445720481 -146.055031794
    1.360000000 -180.890057118 -144.598801842
    1.370000000 -182.319393336 -142.438745552
    1.380000000 -183.720246000 -139.156409989
    1.390000000 -185.080969733 -134.128795362
    1.400000000 -186.379165174 -126.644943392
    1.410000000 -187.595582987 -117.897062823
    1.420000000 -188.717215224 -108.457449184
    1.430000000 -189.750862428 -100.185090034
    1.440000000 -190.713259943  -94.984783038
    1.450000000 -191.644745112  -94.404129348
    1.460000000 -192.605098161  -98.669546209
    1.470000000 -193.628120329 -107.741516617
    1.480000000 -194.756310959 -119.817041654
    1.490000000 -196.004555889 -132.040275754
    1.500000000 -197.372116926 -141.836042067
    1.510000000 -198.807127571 -146.731677459
    1.520000000 -200.267741716 -145.819752911
    1.530000000 -201.688596007 -139.134033816
    1.540000000 -203.018363062 -129.028347643
    1.550000000 -204.240579445 -116.991563060
    1.560000000 -205.344300334 -105.346879983
    1.570000000 -206.339835736  -96.046746235
    1.580000000 -207.260423851  -90.670580530
    1.590000000 -208.144200432  -88.824184733
    1.600000000 -209.023152339  -90.279149200
    1.610000000 -209.933203098  -94.148606012
    1.620000000 -210.891525760  -99.131354794
    1.630000000 -211.897518449 -104.211158357
    1.640000000 -212.949967699 -108.621306074
    1.650000000 -214.041541187 -110.842994677
    1.660000000 -215.140434551 -110.448250559
    1.670000000 -216.227809384 -107.356317689
    1.680000000 -217.267654675 -102.789773753
    1.690000000 -218.249486037  -95.675211664
    1.700000000 -219.152630079  -88.276533185
    1.710000000 -219.990245596  -80.448049485
    1.720000000 -220.750927998  -74.626714135
    1.730000000 -221.458411572  -70.327711533
    1.740000000 -222.136038210  -68.281733102
    1.750000000 -222.798829708  -67.230488978
    1.760000000 -223.454557869  -66.129519029
    1.770000000 -224.091634168  -63.027289298
    1.780000000 -224.682780545  -57.681304293
    1.790000000 -225.210590175  -48.807849606
    1.800000000 -225.625029751  -36.497489052
    1.810000000 -225.900847203  -21.163893953
    1.820000000 -226.016569255   -4.722239733
    1.830000000 -225.971126868   11.013740831
    1.840000000 -225.772104924   26.035867324
    1.850000000 -225.431511711   38.609738173
    1.860000000 -224.977926167   49.044157504
    1.870000000 -224.421778336   57.158922345
    1.880000000 -223.798985689   64.674907797
    1.890000000 -223.099876625   71.212206389
    1.900000000 -222.344540553   77.583647184
    1.910000000 -221.521748509   83.800151378
    1.920000000 -220.636426019   89.981776792
    1.930000000 -219.680413528   97.302612485
    1.940000000 -218.648286217  106.585909261
    1.950000000 -217.506670773  118.295196204
    1.960000000 -216.233138778  133.935269592
    1.970000000 -214.782248642  153.370021582
    1.980000000 -213.117931396  175.933117003
    1.990000000 -211.213132975  201.197762688
    2.000000000 -209.048948290  227.735399744
    2.010000000 -206.618674525  253.482697970
    2.020000000 -203.941663772  277.622355611
    2.030000000 -201.035475065  299.607258252
    2.040000000 -197.921708882  318.614222555
    2.050000000 -194.625797810  335.313719209
    2.060000000 -191.175021249  351.266240284
    2.070000000 -187.560065997  366.887121632
    2.080000000 -183.778970341  383.476835193
    2.090000000 -179.824998365  402.197169824
    2.100000000 -175.679235779  423.422551582
    2.110000000 -171.303324855  446.859091398
    2.120000000 -166.681228745  473.031194496
    2.130000000 -161.782715660  501.524153989
    2.140000000 -156.592085107  532.899042497
    2.150000000 -151.071960217  566.287400779
    2.160000000 -145.200524055  602.079648190
    2.170000000 -138.959563909  641.057540193
    2.180000000 -132.317864614  682.884548190
    2.190000000 -125.246758884  726.801907932
    2.200000000 -117.725345071  771.415816329
    2.210000000 -109.763783370  815.721484329
    2.220000000 -101.376188127  856.466495034
    2.230000000  -92.611894068  890.060255324
    2.240000000  -83.564566682  913.177796452
    2.250000000  -74.351047224  921.678409515
    2.260000000  -65.138507387  913.399128686
    2.270000000  -56.101970021  886.323689435
    2.280000000  -47.432006359  840.529284079
    2.290000000  -39.304282594  777.257746805
    2.300000000  -31.886778055  700.549308579
    2.310000000  -25.286722906  613.999657135
    2.320000000  -19.579907962  522.969368972
    2.330000000  -14.785497729  432.387361718
    2.340000000  -10.878210729  346.844116704
    2.350000000   -7.786082346  269.431054750
    2.360000000   -5.418560719  202.735924679
    2.370000000   -3.662104937  147.589143719
    2.380000000   -2.399220380  103.719876400
    2.390000000   -1.520821340   70.223356973
    2.400000000   -0.934104397   45.960096338
    2.410000000   -0.552766333   28.853345152
    2.420000000   -0.314975233   17.382784696
    2.430000000   -0.167648411    9.684781652
    2.440000000   -0.086978548    5.273328154
    2.450000000   -0.043184072    2.747574004
    2.460000000   -0.019331207    1.283490584
    2.470000000   -0.006167991    0.416556334
    2.480000000   -0.001693629    0.117464938
    2.490000000   -0.000000000   -0.000000000
    2.500000000   -0.000000000   -0.000000000
    2.510000000   -0.000000000   -0.000000000
    2.520000000   -0.000000000   -0.000000000
    2.530000000   -0.000000000   -0.000000000
    2.540000000   -0.000000000   -0.000000000
    2.550000000   -0.000000000   -0.000000000
    2.560000000   -0.000000000   -0.000000000
    2.570000000   -0.000000000   -0.000000000
    2.580000000   -0.000000000   -0.000000000
    2.590000000   -0.000000000   -0.000000000
    2.600000000   -0.000000000   -0.000000000
    2.610000000   -0.000000000   -0.000000000
    2.620000000   -0.000000000   -0.000000000
    2.630000000   -0.000000000   -0.000000000
    2.640000000   -0.000000000   -0.000000000
    2.650000000   -0.000000000   -0.000000000
    2.660000000   -0.000000000   -0.000000000
    2.670000000   -0.000000000   -0.000000000
    2.680000000   -0.000000000   -0.000000000
    2.690000000   -0.000000000   -0.000000000
    2.700000000   -0.000000000   -0.000000000
    2.710000000   -0.000000000   -0.000000000
    2.720000000   -0.000000000   -0.000000000
    2.730000000   -0.000000000   -0.000000000
    2.740000000   -0.000000000   -0.000000000
    2.750000000   -0.000000000   -0.000000000
    2.760000000   -0.000000000   -0.000000000
    2.770000000   -0.000000000   -0.000000000
    2.780000000   -0.000000000   -0.000000000
    2.790000000   -0.000000000   -0.000000000
    2.800000000   -0.000000000   -0.000000000
    2.810000000   -0.000000000   -0.000000000
    2.820000000   -0.000000000   -0.000000000
    2.830000000   -0.000000000   -0.000000000
    2.840000000   -0.000000000   -0.000000000
    2.850000000   -0.000000000   -0.000000000
    2.860000000   -0.000000000   -0.000000000
    2.870000000   -0.000000000   -0.000000000
    2.880000000   -0.000000000   -0.000000000
    2.890000000   -0.000000000   -0.000000000
    2.900000000   -0.000000000   -0.000000000
    2.910000000   -0.000000000   -0.000000000
    2.920000000   -0.000000000   -0.000000000
    2.930000000   -0.000000000   -0.000000000
    2.940000000   -0.000000000   -0.000000000
    2.950000000   -0.000000000   -0.000000000
    2.960000000   -0.000000000   -0.000000000
    2.970000000   -0.000000000   -0.000000000
    2.980000000   -0.000000000   -0.000000000
    2.990000000   -0.000000000   -0.000000000
    3.000000000   -0.000000000   -0.000000000
