#! FIELDS cv1 file.free der_cv1
#! SET min_cv1 0
#! SET max_cv1 3.0
#! SET nbins_cv1  301
#! SET periodic_cv1 false
    0.000000000 -161.127948367 -1969.846937301
    0.010000000 -179.572080536 -1700.922038660
    0.020000000 -194.930533378 -1360.046893620
    0.030000000 -206.701410922 -990.640124011
    0.040000000 -214.826650046 -637.655667722
    0.050000000 -219.661785670 -338.621276070
    0.060000000 -221.885685037 -118.089801329
    0.070000000 -222.339921327   15.905512453
    0.080000000 -221.860519156   71.183655013
    0.090000000 -221.142026029   67.065283815
    0.100000000 -220.661607564   27.738480713
    0.110000000 -220.651954707  -23.313714512
    0.120000000 -221.131877193  -67.748433732
    0.130000000 -221.972011389  -94.628898145
    0.140000000 -222.982227444 -101.205568475
    0.150000000 -223.962145596  -89.888913477
    0.160000000 -224.771873610  -67.537299038
    0.170000000 -225.329242380  -41.060012561
    0.180000000 -225.627536802  -16.850630011
    0.190000000 -225.681448061   -1.723952292
    0.200000000 -225.600440254    5.091108312
    0.210000000 -225.504353724    6.071730846
    0.220000000 -225.434431063    1.752207398
    0.230000000 -225.442336679   -6.136594574
    0.240000000 -225.542563485  -15.422232917
    0.250000000 -225.732446707  -24.254672239
    0.260000000 -226.009637477  -31.073316066
    0.270000000 -226.333311929  -35.826012341
    0.280000000 -226.692068896  -37.657582180
    0.290000000 -227.060286346  -37.809103960
    0.300000000 -227.413727362  -35.695323684
    0.310000000 -227.736817237  -32.178277199
    0.320000000 -228.015767688  -26.812052491
    0.330000000 -228.236843987  -20.157005289
    0.340000000 -228.385658546  -12.445675767
    0.350000000 -228.452502866   -3.942603344
    0.360000000 -228.440909287    4.291984252
    0.370000000 -228.343822976   11.661025891
    0.380000000 -228.173223377   18.435745936
    0.390000000 -227.948204943   24.447839334
    0.400000000 -227.663788095   29.260013904
    0.410000000 -227.336194892   32.935462661
    0.420000000 -226.977499673   36.425975316
    0.430000000 -226.587474202   39.246540265
    0.440000000 -226.165427378   40.993111996
    0.450000000 -225.730826400   41.784545165
    0.460000000 -225.297390774   42.427263981
    0.470000000 -224.859026885   42.415383028
    0.480000000 -224.420670913   41.980394438
    0.490000000 -223.990323901   41.398324946
    0.500000000 -223.567031462   40.814701191
    0.510000000 -223.148679296   39.266178943
    0.520000000 -222.746760416   37.906953107
    0.530000000 -222.363377187   35.185202576
    0.540000000 -222.009630166   32.383098311
    0.550000000 -221.685772642   29.414533397
    0.560000000 -221.389011900   26.792219577
    0.570000000 -221.115581033   25.333690275
    0.580000000 -220.850338694   24.682728186
    0.590000000 -220.583809390   26.217980713
    0.600000000 -220.291539422   28.658700328
    0.610000000 -219.971865457   32.231301072
    0.620000000 -219.617256093   36.277149013
    0.630000000 -219.218370854   39.735604941
    0.640000000 -218.793603907   42.574071317
    0.650000000 -218.341793887   44.298624136
    0.660000000 -217.878826485   43.915007737
    0.670000000 -217.429695541   42.964629872
    0.680000000 -216.993601237   40.837230535
    0.690000000 -216.583660148   38.641259016
    0.700000000 -216.190826537   36.892361011
    0.710000000 -215.808476804   36.709707354
    0.720000000 -215.426395915   38.094919420
    0.730000000 -215.017562804   40.432672750
    0.740000000 -214.578995661   44.068193245
    0.750000000 -214.103747757   48.488640232
    0.760000000 -213.585965074   51.743269250
    0.770000000 -213.042677407   54.096706479
    0.780000000 -212.482432173   54.088740946
    0.790000000 -211.933976416   51.199792050
    0.800000000 -211.438108832   45.056626855
    0.810000000 -211.022201655   35.444192477
    0.820000000 -210.716499889   22.162997249
    0.830000000 -210.553448674    6.651403734
    0.840000000 -210.551353068   -8.636399015
    0.850000000 -210.693984477  -22.164678103
    0.860000000 -210.952808886  -31.802153604
    0.870000000 -211.287527628  -36.324006628
    0.880000000 -211.637396827  -35.723091175
    0.890000000 -211.960660209  -30.116393512
    0.900000000 -212.201906323  -21.749495346
    0.910000000 -212.353341611  -11.966313493
    0.920000000 -212.411879766   -2.927867025
    0.930000000 -212.388443291    3.925910941
    0.940000000 -212.319276795    7.659653436
    0.950000000 -212.226285561    7.921951077
    0.960000000 -212.145156561    5.805859661
    0.970000000 -212.094104378    1.834192126
    0.980000000 -212.086605020   -3.215395653
    0.990000000 -212.128509261   -8.010899664
    1.000000000 -212.214116667  -11.796397903
    1.010000000 -212.331756400  -14.391282972
    1.020000000 -212.476291545  -15.834146668
    1.030000000 -212.629332548  -17.535006075
    1.040000000 -212.805307731  -20.020397811
    1.050000000 -213.017034429  -25.140732391
    1.060000000 -213.294778440  -33.994239261
    1.070000000 -213.678033539  -46.445786855
    1.080000000 -214.208311533  -61.958812294
    1.090000000 -214.895333788  -79.070202976
    1.100000000 -215.756973946  -95.693125247
    1.110000000 -216.774095822 -109.447046796
    1.120000000 -217.911805728 -118.628530887
    1.130000000 -219.108835680 -122.550892303
    1.140000000 -220.319430056 -120.811535869
    1.150000000 -221.485770410 -114.596930129
    1.160000000 -222.574580835 -105.421137684
    1.170000000 -223.569493601  -96.267003031
    1.180000000 -224.479483268  -87.809552968
    1.190000000 -225.311957670  -81.387726688
    1.200000000 -226.090328377  -77.492541473
    1.210000000 -226.841572575  -75.289030767
    1.220000000 -227.576672632  -74.398841531
    1.230000000 -228.308630227  -74.047762885
    1.240000000 -229.034764360  -73.761302220
    1.250000000 -229.755809097  -73.369717361
    1.260000000 -230.476349985  -73.111623951
    1.270000000 -231.202974757  -73.482702658
    1.280000000 -231.933963811  -74.573995789
    1.290000000 -232.677264778  -76.907259484
    1.300000000 -233.447618991  -79.597466771
    1.310000000 -234.249847615  -83.770407714
    1.320000000 -235.094621448  -88.254093446
    1.330000000 -235.992064954  -93.344967554
    1.340000000 -236.942802381  -98.828765105
    1.350000000 -237.953578455 -105.963221756
    1.360000000 -239.038942903 -114.073187098
    1.370000000 -240.211373770 -122.666262097
    1.380000000 -241.468215539 -131.178069710
    1.390000000 -242.806196227 -138.516105461
    1.400000000 -244.206797518 -143.357840959
    1.410000000 -245.645479624 -146.065909012
    1.420000000 -247.096315728 -146.596977774
    1.430000000 -248.545505162 -145.991475253
    1.440000000 -249.987704153 -145.548772727
    1.450000000 -251.432746888 -146.943081186
    1.460000000 -252.911380973 -150.291480638
    1.470000000 -254.432659582 -156.189454596
    1.480000000 -256.017927694 -163.203507591
    1.490000000 -257.666964413 -169.513248746
    1.500000000 -259.372847910 -172.717591472
    1.510000000 -261.080550992 -171.084816248
    1.520000000 -262.750769213 -164.117128446
    1.530000000 -264.324172046 -152.113569217
    1.540000000 -265.757001306 -137.569649299
    1.550000000 -267.042274108 -121.984064987
    1.560000000 -268.176486204 -107.349608173
    1.570000000 -269.176185531  -95.832526365
    1.580000000 -270.083660632  -88.658050783
    1.590000000 -270.936463423  -85.385432666
    1.600000000 -271.773073107  -85.953694525
    1.610000000 -272.634133500  -89.359568770
    1.620000000 -273.541989778  -94.572802105
    1.630000000 -274.502252479 -100.590918923
    1.640000000 -275.521114665 -106.595527988
    1.650000000 -276.599248287 -110.831097010
    1.660000000 -277.704819164 -112.555973173
    1.670000000 -278.817675567 -111.053348132
    1.680000000 -279.892970347 -106.932921710
    1.690000000 -280.908978166  -98.862968412
    1.700000000 -281.827742832  -88.721742561
    1.710000000 -282.645725085  -76.822959098
    1.720000000 -283.341712640  -66.006889037
    1.730000000 -283.933918449  -56.438472807
    1.740000000 -284.444944471  -49.730016683
    1.750000000 -284.898373395  -45.232058852
    1.760000000 -285.318454319  -42.116989523
    1.770000000 -285.707331140  -38.643065584
    1.780000000 -286.053249457  -34.147145314
    1.790000000 -286.349133533  -27.071339256
    1.800000000 -286.553882226  -16.923726429
    1.810000000 -286.641737807   -3.888086629
    1.820000000 -286.588079826   10.715183419
    1.830000000 -286.389798676   25.602168939
    1.840000000 -286.039277767   40.931404841
    1.850000000 -285.539589685   55.334264379
    1.860000000 -284.898547495   68.892564828
    1.870000000 -284.117209334   81.680387344
    1.880000000 -283.218103196   94.789529014
    1.890000000 -282.183139774  107.310425864
    1.900000000 -281.032299211  119.298159306
    1.910000000 -279.762229344  129.924607894
    1.920000000 -278.394784892  138.620192443
    1.930000000 -276.947290050  146.273473577
    1.940000000 -275.430488276  153.390698568
    1.950000000 -273.834388465  160.932799385
    1.960000000 -272.155657234  171.446270573
    1.970000000 -270.353290573  185.360846231
    1.980000000 -268.388034632  203.205868650
    1.990000000 -266.223859978  225.194413118
    2.000000000 -263.823809263  250.444068147
    2.010000000 -261.161580467  276.763953324
    2.020000000 -258.236935036  302.968965639
    2.030000000 -255.057680170  327.968981799
    2.040000000 -251.640670793  350.071766674
    2.050000000 -248.013124284  369.252978129
    2.060000000 -244.212043352  386.230710457
    2.070000000 -240.245193699  401.353477218
    2.080000000 -236.125249323  415.652774899
    2.090000000 -231.866681669  430.233391866
    2.100000000 -227.463925226  445.970174023
    2.110000000 -222.892764517  462.865412467
    2.120000000 -218.142769690  481.763543615
    2.130000000 -213.195473244  501.923985913
    2.140000000 -208.044654226  523.724404344
    2.150000000 -202.665342564  546.317363301
    2.160000000 -197.049449837  569.550404862
    2.170000000 -191.198587526  593.983659950
    2.180000000 -185.099727967  619.630103724
    2.190000000 -178.738975303  646.776552960
    2.200000000 -172.091170679  675.590108938
    2.210000000 -165.145840179  707.948517309
    2.220000000 -157.860680248  743.832748034
    2.230000000 -150.196379458  783.502718606
    2.240000000 -142.119542050  827.085329830
    2.250000000 -133.588099770  872.795526147
    2.260000000 -124.597357271  919.420824786
    2.270000000 -115.151395573  963.536454243
    2.280000000 -105.294437712 1001.288299097
    2.290000000  -95.106651256 1027.921644623
    2.300000000  -84.727814082 1039.942406390
    2.310000000  -74.317669515 1033.124360201
    2.320000000  -64.080225300 1005.560781824
    2.330000000  -54.226404816  956.564467322
    2.340000000  -44.965689437  887.620638651
    2.350000000  -36.481968664  801.989164764
    2.360000000  -28.919055795  704.521543861
    2.370000000  -22.368044844  601.006010155
    2.380000000  -16.856585309  497.036640124
    2.390000000  -12.364084982  398.271223586
    2.400000000   -8.818822443  309.062169657
    2.410000000   -6.105685969  231.712993579
    2.420000000   -4.102219692  167.958634471
    2.430000000   -2.665308744  117.119178668
    2.440000000   -1.678913497   78.981683302
    2.450000000   -1.023672430   51.407246810
    2.460000000   -0.598130312   31.863426185
    2.470000000   -0.332779193   18.689720617
    2.480000000   -0.177234874   10.469252217
    2.490000000   -0.091934138    5.723738120
    2.500000000   -0.042240337    2.741716237
    2.510000000   -0.015942803    1.065286470
    2.520000000   -0.004650860    0.319201216
    2.530000000   -0.001186389    0.084758582
    2.540000000   -0.000000000   -0.000000000
    2.550000000   -0.000000000   -0.000000000
    2.560000000   -0.000000000   -0.000000000
    2.570000000   -0.000000000   -0.000000000
    2.580000000   -0.000000000   -0.000000000
    2.590000000   -0.000000000   -0.000000000
    2.600000000   -0.000000000   -0.000000000
    2.610000000   -0.000000000   -0.000000000
    2.620000000   -0.000000000   -0.000000000
    2.630000000   -0.000000000   -0.000000000
    2.640000000   -0.000000000   -0.000000000
    2.650000000   -0.000000000   -0.000000000
    2.660000000   -0.000000000   -0.000000000
    2.670000000   -0.000000000   -0.000000000
    2.680000000   -0.000000000   -0.000000000
    2.690000000   -0.000000000   -0.000000000
    2.700000000   -0.000000000   -0.000000000
    2.710000000   -0.000000000   -0.000000000
    2.720000000   -0.000000000   -0.000000000
    2.730000000   -0.000000000   -0.000000000
    2.740000000   -0.000000000   -0.000000000
    2.750000000   -0.000000000   -0.000000000
    2.760000000   -0.000000000   -0.000000000
    2.770000000   -0.000000000   -0.000000000
    2.780000000   -0.000000000   -0.000000000
    2.790000000   -0.000000000   -0.000000000
    2.800000000   -0.000000000   -0.000000000
    2.810000000   -0.000000000   -0.000000000
    2.820000000   -0.000000000   -0.000000000
    2.830000000   -0.000000000   -0.000000000
    2.840000000   -0.000000000   -0.000000000
    2.850000000   -0.000000000   -0.000000000
    2.860000000   -0.000000000   -0.000000000
    2.870000000   -0.000000000   -0.000000000
    2.880000000   -0.000000000   -0.000000000
    2.890000000   -0.000000000   -0.000000000
    2.900000000   -0.000000000   -0.000000000
    2.910000000   -0.000000000   -0.000000000
    2.920000000   -0.000000000   -0.000000000
    2.930000000   -0.000000000   -0.000000000
    2.940000000   -0.000000000   -0.000000000
    2.950000000   -0.000000000   -0.000000000
    2.960000000   -0.000000000   -0.000000000
    2.970000000   -0.000000000   -0.000000000
    2.980000000   -0.000000000   -0.000000000
    2.990000000   -0.000000000   -0.000000000
    3.000000000   -0.000000000   -0.000000000
