#! FIELDS cv1 file.free der_cv1
#! SET min_cv1 0
#! SET max_cv1 3.0
#! SET nbins_cv1  301
#! SET periodic_cv1 false
    0.000000000  -19.777107780 -423.581334767
    0.010000000  -24.188026459 -455.578125036
    0.020000000  -28.845234245 -472.408393335
    0.030000000  -33.587678115 -472.221110452
    0.040000000  -38.239716514 -454.645912879
    0.050000000  -42.636346723 -421.417399002
    0.060000000  -46.634963147 -375.736926168
    0.070000000  -50.133365258 -322.100873631
    0.080000000  -53.074751417 -265.391025109
    0.090000000  -55.455176508 -210.597571389
    0.100000000  -57.314464891 -161.833574989
    0.110000000  -58.730180931 -122.155945406
    0.120000000  -59.800940877  -93.048827336
    0.130000000  -60.634725089  -74.626851662
    0.140000000  -61.334550013  -65.774934033
    0.150000000  -61.984189250  -64.253768735
    0.160000000  -62.644814911  -67.448298740
    0.170000000  -63.347089740  -72.437725398
    0.180000000  -64.100146066  -76.998008695
    0.190000000  -64.886088132  -79.216611459
    0.200000000  -65.678093511  -78.415854963
    0.210000000  -66.442150346  -74.203183033
    0.220000000  -67.153069393  -67.187930544
    0.230000000  -67.781579346  -58.754571692
    0.240000000  -68.321349478  -49.978570958
    0.250000000  -68.777609094  -42.315991076
    0.260000000  -69.164241388  -36.115040718
    0.270000000  -69.499070921  -31.779104117
    0.280000000  -69.799179630  -29.242763901
    0.290000000  -70.081639626  -27.804656271
    0.300000000  -70.350564718  -26.861234894
    0.310000000  -70.611423039  -25.583462190
    0.320000000  -70.855967698  -24.069511047
    0.330000000  -71.085507087  -22.250248817
    0.340000000  -71.296666921  -20.413736768
    0.350000000  -71.491557616  -19.530928315
    0.360000000  -71.682631510  -19.569141122
    0.370000000  -71.882259771  -21.369238325
    0.380000000  -72.107088974  -24.449582369
    0.390000000  -72.369227094  -28.440805463
    0.400000000  -72.668323510  -32.530877196
    0.410000000  -73.005558428  -35.632585918
    0.420000000  -73.364873920  -36.911315475
    0.430000000  -73.725371844  -35.786268517
    0.440000000  -74.062257590  -32.244899894
    0.450000000  -74.352254270  -26.290616318
    0.460000000  -74.576815207  -19.104494207
    0.470000000  -74.727878079  -11.448997488
    0.480000000  -74.802438271   -4.408353492
    0.490000000  -74.810360677    1.659181239
    0.500000000  -74.765786976    6.229409177
    0.510000000  -74.680410754    9.488478234
    0.520000000  -74.566665941   12.293093754
    0.530000000  -74.424041352   14.914922613
    0.540000000  -74.259129926   17.933939377
    0.550000000  -74.059625311   21.009454506
    0.560000000  -73.831476036   23.846638980
    0.570000000  -73.578141929   25.424429609
    0.580000000  -73.319613041   25.181134056
    0.590000000  -73.075576967   22.245247543
    0.600000000  -72.873743656   17.036342940
    0.610000000  -72.733834320   10.121716591
    0.620000000  -72.665163319    2.316885352
    0.630000000  -72.672042436   -4.762147297
    0.640000000  -72.744787026  -10.526869619
    0.650000000  -72.867045223  -14.642382354
    0.660000000  -73.022098376  -17.185954088
    0.670000000  -73.195816844  -18.404402589
    0.680000000  -73.375915955  -18.513412391
    0.690000000  -73.556854254  -18.159962588
    0.700000000  -73.729590841  -17.395168389
    0.710000000  -73.891124571  -15.669524462
    0.720000000  -74.030782115  -13.411771551
    0.730000000  -74.144590824   -9.926337784
    0.740000000  -74.219305440   -6.261102624
    0.750000000  -74.253142919   -2.037374265
    0.760000000  -74.245934582    1.977095981
    0.770000000  -74.203018605    5.924694764
    0.780000000  -74.121655283    9.451993326
    0.790000000  -74.006326181   12.949414241
    0.800000000  -73.856004824   16.600840080
    0.810000000  -73.664810812   20.994264114
    0.820000000  -73.425007335   26.393212092
    0.830000000  -73.124739284   32.515512782
    0.840000000  -72.759112709   39.190595863
    0.850000000  -72.328448600   45.481403551
    0.860000000  -71.843237779   50.561098525
    0.870000000  -71.319043913   52.920626088
    0.880000000  -70.787942269   51.917623676
    0.890000000  -70.284428547   47.638338731
    0.900000000  -69.836734754   40.475483818
    0.910000000  -69.467702065   31.397626239
    0.920000000  -69.197152038   21.786131111
    0.930000000  -69.019313368   12.760251297
    0.940000000  -68.926452834    5.397328688
    0.950000000  -68.897380930   -0.021255282
    0.960000000  -68.908422700   -3.097436028
    0.970000000  -68.939354573   -3.903983141
    0.980000000  -68.967694504   -2.758619647
    0.990000000  -68.978080256   -0.173721798
    1.000000000  -68.957258188    3.636116621
    1.010000000  -68.896265573    7.829133874
    1.020000000  -68.786984746   12.519729303
    1.030000000  -68.634552255   17.206686908
    1.040000000  -68.433262445   21.711142354
    1.050000000  -68.190664103   26.045777726
    1.060000000  -67.906389629   29.350041945
    1.070000000  -67.595256258   31.799511483
    1.080000000  -67.264767591   33.387563093
    1.090000000  -66.923486203   33.569031693
    1.100000000  -66.589248345   32.699205796
    1.110000000  -66.264063990   30.515234777
    1.120000000  -65.970120672   27.637504062
    1.130000000  -65.707044495   23.800132439
    1.140000000  -65.485248217   19.574823822
    1.150000000  -65.305462441   15.435443668
    1.160000000  -65.165049078   12.012808431
    1.170000000  -65.054574898    9.446861759
    1.180000000  -64.962535046    8.412030461
    1.190000000  -64.870121073    9.129433079
    1.200000000  -64.761263417   11.564765851
    1.210000000  -64.624242102   15.003208914
    1.220000000  -64.450133450   18.823363855
    1.230000000  -64.239456609   22.230393447
    1.240000000  -64.004262882   23.938967587
    1.250000000  -63.756895939   23.787160763
    1.260000000  -63.521217758   21.881338125
    1.270000000  -63.314423754   18.755529951
    1.280000000  -63.141694894   15.176085494
    1.290000000  -63.003617626   11.629195653
    1.300000000  -62.898154149    8.791431492
    1.310000000  -62.815578634    6.948255195
    1.320000000  -62.745943274    5.685002899
    1.330000000  -62.687089200    4.853863089
    1.340000000  -62.640671175    3.706912450
    1.350000000  -62.608259891    2.018669116
    1.360000000  -62.596530594   -0.598183673
    1.370000000  -62.613348857   -3.158829183
    1.380000000  -62.651537607   -5.560623644
    1.390000000  -62.708629069   -6.328537477
    1.400000000  -62.763158666   -5.561300882
    1.410000000  -62.801766348   -2.543991270
    1.420000000  -62.799750886    2.337891792
    1.430000000  -62.745890288    7.760646148
    1.440000000  -62.636775469   12.957674799
    1.450000000  -62.485447992   16.500225620
    1.460000000  -62.310097942   17.040839131
    1.470000000  -62.147481767   13.928117207
    1.480000000  -62.034908128    7.644651758
    1.490000000  -61.998614734   -1.597623692
    1.500000000  -62.062580807  -12.274991480
    1.510000000  -62.232514848  -22.567136690
    1.520000000  -62.498593485  -30.931791141
    1.530000000  -62.833584526  -36.004342473
    1.540000000  -63.200120116  -37.528920425
    1.550000000  -63.562667534  -35.419337339
    1.560000000  -63.888340429  -30.087477830
    1.570000000  -64.152807105  -22.935563311
    1.580000000  -64.340258335  -15.394746442
    1.590000000  -64.451481154   -7.968754574
    1.600000000  -64.495385288   -1.432043731
    1.610000000  -64.477826177    3.373610219
    1.620000000  -64.423581353    6.892667795
    1.630000000  -64.336319999    9.252104397
    1.640000000  -64.231000041   10.658042837
    1.650000000  -64.116458271   11.669740105
    1.660000000  -63.992654152   12.297911410
    1.670000000  -63.863744993   12.576659556
    1.680000000  -63.732305625   13.044165687
    1.690000000  -63.596495660   13.511799341
    1.700000000  -63.456721957   14.063647524
    1.710000000  -63.307875091   14.639911884
    1.720000000  -63.151963285   15.881151588
    1.730000000  -62.979659341   17.240309321
    1.740000000  -62.793020749   19.115934285
    1.750000000  -62.586206784   21.350056760
    1.760000000  -62.356252386   23.964834353
    1.770000000  -62.102444385   25.981452334
    1.780000000  -61.827779701   27.668780908
    1.790000000  -61.541141617   28.920024686
    1.800000000  -61.242387911   29.135924147
    1.810000000  -60.945159036   29.493776350
    1.820000000  -60.645254691   29.558770373
    1.830000000  -60.344339742   30.046873318
    1.840000000  -60.032789787   31.133687212
    1.850000000  -59.706087605   33.302287487
    1.860000000  -59.353848434   36.162771550
    1.870000000  -58.970123507   39.586602390
    1.880000000  -58.549206447   43.482621661
    1.890000000  -58.087761416   47.613445614
    1.900000000  -57.586421479   52.061330309
    1.910000000  -57.037291099   56.788929436
    1.920000000  -56.437016644   61.987050081
    1.930000000  -55.784712694   67.985566032
    1.940000000  -55.067274188   74.293728322
    1.950000000  -54.283361721   80.662479897
    1.960000000  -53.441646487   86.756255547
    1.970000000  -52.542133437   91.764935231
    1.980000000  -51.600166343   95.318301810
    1.990000000  -50.628061392   97.201922725
    2.000000000  -49.648309981   97.892424669
    2.010000000  -48.665563699   97.398425139
    2.020000000  -47.686999192   97.028328209
    2.030000000  -46.710396357   97.667960519
    2.040000000  -45.713320758  100.202777188
    2.050000000  -44.680353299  105.685855572
    2.060000000  -43.577557508  114.018045708
    2.070000000  -42.378528924  124.701863020
    2.080000000  -41.064070298  136.733066594
    2.090000000  -39.631576221  148.749111535
    2.100000000  -38.084718856  158.895453692
    2.110000000  -36.449076804  166.130569140
    2.120000000  -34.757570080  170.019059078
    2.130000000  -33.045968719  170.850349381
    2.140000000  -31.336129270  169.125800275
    2.150000000  -29.651890954  166.533510469
    2.160000000  -27.994518556  164.086759789
    2.170000000  -26.355185489  162.658468769
    2.180000000  -24.724346394  163.024179196
    2.190000000  -23.080804048  164.573828926
    2.200000000  -21.416435669  166.840415072
    2.210000000  -19.730049999  168.985212576
    2.220000000  -18.029789362  170.098958894
    2.230000000  -16.326969101  169.045960753
    2.240000000  -14.646344704  165.531659741
    2.250000000  -13.013495088  159.513082934
    2.260000000  -11.452622389  151.231016305
    2.270000000   -9.983406558  141.099234485
    2.280000000   -8.622016320  129.775280222
    2.290000000   -7.378930503  117.917736257
    2.300000000   -6.255146627  105.819468018
    2.310000000   -5.253584901   94.106025461
    2.320000000   -4.367749977   82.839046610
    2.330000000   -3.589909825   72.030153932
    2.340000000   -2.916481162   62.022774380
    2.350000000   -2.338951356   52.801092319
    2.360000000   -1.850568122   44.480770317
    2.370000000   -1.440894090   36.898419567
    2.380000000   -1.102119225   30.078082772
    2.390000000   -0.829724016   24.272135073
    2.400000000   -0.610319919   19.074555114
    2.410000000   -0.440342324   14.768320719
    2.420000000   -0.309393491   11.102560401
    2.430000000   -0.212195255    8.158778338
    2.440000000   -0.141372687    5.813220656
    2.450000000   -0.091979298    4.056566773
    2.460000000   -0.057428228    2.695056310
    2.470000000   -0.034760915    1.735260510
    2.480000000   -0.020199693    1.068354380
    2.490000000   -0.011465099    0.644192577
    2.500000000   -0.005988212    0.352361314
    2.510000000   -0.003260141    0.204614128
    2.520000000   -0.001706659    0.113807880
    2.530000000   -0.000653645    0.045155976
    2.540000000   -0.000000000   -0.000000000
    2.550000000   -0.000000000   -0.000000000
    2.560000000   -0.000000000   -0.000000000
    2.570000000   -0.000000000   -0.000000000
    2.580000000   -0.000000000   -0.000000000
    2.590000000   -0.000000000   -0.000000000
    2.600000000   -0.000000000   -0.000000000
    2.610000000   -0.000000000   -0.000000000
    2.620000000   -0.000000000   -0.000000000
    2.630000000   -0.000000000   -0.000000000
    2.640000000   -0.000000000   -0.000000000
    2.650000000   -0.000000000   -0.000000000
    2.660000000   -0.000000000   -0.000000000
    2.670000000   -0.000000000   -0.000000000
    2.680000000   -0.000000000   -0.000000000
    2.690000000   -0.000000000   -0.000000000
    2.700000000   -0.000000000   -0.000000000
    2.710000000   -0.000000000   -0.000000000
    2.720000000   -0.000000000   -0.000000000
    2.730000000   -0.000000000   -0.000000000
    2.740000000   -0.000000000   -0.000000000
    2.750000000   -0.000000000   -0.000000000
    2.760000000   -0.000000000   -0.000000000
    2.770000000   -0.000000000   -0.000000000
    2.780000000   -0.000000000   -0.000000000
    2.790000000   -0.000000000   -0.000000000
    2.800000000   -0.000000000   -0.000000000
    2.810000000   -0.000000000   -0.000000000
    2.820000000   -0.000000000   -0.000000000
    2.830000000   -0.000000000   -0.000000000
    2.840000000   -0.000000000   -0.000000000
    2.850000000   -0.000000000   -0.000000000
    2.860000000   -0.000000000   -0.000000000
    2.870000000   -0.000000000   -0.000000000
    2.880000000   -0.000000000   -0.000000000
    2.890000000   -0.000000000   -0.000000000
    2.900000000   -0.000000000   -0.000000000
    2.910000000   -0.000000000   -0.000000000
    2.920000000   -0.000000000   -0.000000000
    2.930000000   -0.000000000   -0.000000000
    2.940000000   -0.000000000   -0.000000000
    2.950000000   -0.000000000   -0.000000000
    2.960000000   -0.000000000   -0.000000000
    2.970000000   -0.000000000   -0.000000000
    2.980000000   -0.000000000   -0.000000000
    2.990000000   -0.000000000   -0.000000000
    3.000000000   -0.000000000   -0.000000000
