#! FIELDS cv1 file.free der_cv1
#! SET min_cv1 0
#! SET max_cv1 3.0
#! SET nbins_cv1  301
#! SET periodic_cv1 false
    0.000000000  -59.282132946 -971.405859238
    0.010000000  -68.890843496 -941.200315012
    0.020000000  -77.975284340 -867.710399030
    0.030000000  -86.140522273 -759.233799467
    0.040000000  -93.099345375 -628.562068780
    0.050000000  -98.698770520 -490.203077889
    0.060000000 -102.939267046 -358.631707658
    0.070000000 -105.946372153 -245.135279993
    0.080000000 -107.939973479 -156.771663959
    0.090000000 -109.188251313  -95.925153850
    0.100000000 -109.957772337  -60.544925654
    0.110000000 -110.479550526  -45.575182725
    0.120000000 -110.930243251  -44.769053448
    0.130000000 -111.411666944  -51.157940454
    0.140000000 -111.971454832  -59.364206310
    0.150000000 -112.603256503  -65.204342202
    0.160000000 -113.275875249  -66.780430277
    0.170000000 -113.935824994  -63.174575471
    0.180000000 -114.536759527  -55.191026980
    0.190000000 -115.041437244  -44.757305042
    0.200000000 -115.424557359  -34.010515087
    0.210000000 -115.697270069  -22.902395764
    0.220000000 -115.866266899  -13.541274779
    0.230000000 -115.953393061   -6.522963397
    0.240000000 -115.982720263   -2.042104314
    0.250000000 -115.989015478   -0.366423703
    0.260000000 -115.988615652   -1.249041240
    0.270000000 -116.009763810   -4.040478935
    0.280000000 -116.064161845   -8.904198015
    0.290000000 -116.176102653  -14.545139587
    0.300000000 -116.344245087  -20.680779138
    0.310000000 -116.573795579  -25.794660821
    0.320000000 -116.843250075  -29.134143256
    0.330000000 -117.133716643  -29.596106760
    0.340000000 -117.409457211  -26.411219746
    0.350000000 -117.637969833  -19.860807133
    0.360000000 -117.784145283  -10.439252845
    0.370000000 -117.825498851    0.290329027
    0.380000000 -117.761184028   10.985149402
    0.390000000 -117.599045856   19.704633207
    0.400000000 -117.364852028   24.939682933
    0.410000000 -117.096022778   26.010913451
    0.420000000 -116.843831771   22.931681838
    0.430000000 -116.636410581   16.328036728
    0.440000000 -116.510354490    7.485977583
    0.450000000 -116.470485902   -1.653877512
    0.460000000 -116.519850879   -9.501212330
    0.470000000 -116.637171088  -14.748271358
    0.480000000 -116.789403784  -16.436461853
    0.490000000 -116.938588296  -14.852363568
    0.500000000 -117.055752797   -9.188367678
    0.510000000 -117.101231657   -1.248825905
    0.520000000 -117.059418975    8.781608600
    0.530000000 -116.910313074   18.990092347
    0.540000000 -116.663697278   28.690316598
    0.550000000 -116.329572100   36.293776319
    0.560000000 -115.931138209   40.779675175
    0.570000000 -115.501658272   41.736729052
    0.580000000 -115.083644545   39.766335481
    0.590000000 -114.700393958   34.823687294
    0.600000000 -114.381398804   28.078595286
    0.610000000 -114.130266084   21.022882838
    0.620000000 -113.940998309   14.805688053
    0.630000000 -113.806190349   11.235798606
    0.640000000 -113.695119547   10.630158098
    0.650000000 -113.571571591   12.956824026
    0.660000000 -113.409334438   17.996725046
    0.670000000 -113.187630132   24.544169737
    0.680000000 -112.897933931   31.723813989
    0.690000000 -112.538508748   38.292011488
    0.700000000 -112.120516063   43.046538031
    0.710000000 -111.669791824   45.578114479
    0.720000000 -111.203699823   45.278738269
    0.730000000 -110.755608308   42.805576314
    0.740000000 -110.338425570   38.619876358
    0.750000000 -109.969010033   33.936044196
    0.760000000 -109.643894146   29.544867088
    0.770000000 -109.357523647   26.369532393
    0.780000000 -109.098907933   24.527886243
    0.790000000 -108.854306951   22.805780888
    0.800000000 -108.624573946   21.769021281
    0.810000000 -108.405951711   19.675983914
    0.820000000 -108.219534775   16.360779038
    0.830000000 -108.071069327   11.315279113
    0.840000000 -107.979137081    4.917917817
    0.850000000 -107.954614188   -1.186086936
    0.860000000 -107.987563800   -6.918142251
    0.870000000 -108.069324854  -10.425453615
    0.880000000 -108.171033878  -11.438165144
    0.890000000 -108.270557307   -9.748610539
    0.900000000 -108.345195569   -6.247627359
    0.910000000 -108.378592525   -1.750572492
    0.920000000 -108.368230562    2.544412290
    0.930000000 -108.314713107    6.039078273
    0.940000000 -108.232841250    8.530620820
    0.950000000 -108.134483712   10.096264438
    0.960000000 -108.020008275   11.338136966
    0.970000000 -107.894562327   12.546511813
    0.980000000 -107.756540242   14.487481348
    0.990000000 -107.590499576   17.201924163
    1.000000000 -107.397472414   19.991282605
    1.010000000 -107.177264818   21.661985304
    1.020000000 -106.951635217   21.775040805
    1.030000000 -106.743091971   18.888557571
    1.040000000 -106.577668935   12.365335874
    1.050000000 -106.493458162    2.526328034
    1.060000000 -106.520968808   -9.751759049
    1.070000000 -106.677527106  -23.105652001
    1.080000000 -106.968043252  -36.206488101
    1.090000000 -107.380357610  -47.383058533
    1.100000000 -107.893934110  -55.879318034
    1.110000000 -108.476216802  -60.653052935
    1.120000000 -109.083382749  -61.478669368
    1.130000000 -109.682107148  -58.716652826
    1.140000000 -110.239192116  -53.226707899
    1.150000000 -110.735665899  -46.460279382
    1.160000000 -111.157382187  -40.426276118
    1.170000000 -111.529985153  -35.421386550
    1.180000000 -111.867968078  -33.434650209
    1.190000000 -112.196598485  -34.774442798
    1.200000000 -112.556264009  -38.850720845
    1.210000000 -112.969924920  -45.297938404
    1.220000000 -113.455214490  -52.720669773
    1.230000000 -114.013314806  -60.356455686
    1.240000000 -114.641738699  -66.606661228
    1.250000000 -115.327551587  -71.072821815
    1.260000000 -116.051377977  -73.280829860
    1.270000000 -116.779447014  -73.453563926
    1.280000000 -117.497393910  -71.336888083
    1.290000000 -118.188703866  -68.466974714
    1.300000000 -118.850676106  -65.010675667
    1.310000000 -119.482951734  -62.207332718
    1.320000000 -120.088977631  -60.636961659
    1.330000000 -120.689030031  -60.277365208
    1.340000000 -121.293225274  -61.772094699
    1.350000000 -121.907875948  -63.983302605
    1.360000000 -122.555054955  -65.831780187
    1.370000000 -123.213495057  -66.918706595
    1.380000000 -123.878733869  -67.097571821
    1.390000000 -124.541509369  -65.781036531
    1.400000000 -125.183173214  -63.800158630
    1.410000000 -125.803934585  -61.469875278
    1.420000000 -126.402029050  -59.718960083
    1.430000000 -126.988620800  -59.162786419
    1.440000000 -127.579250059  -60.231576147
    1.450000000 -128.189516744  -63.045357805
    1.460000000 -128.833279168  -66.746722307
    1.470000000 -129.515979581  -71.183251969
    1.480000000 -130.240086702  -75.347482492
    1.490000000 -131.003272046  -78.055534258
    1.500000000 -131.782458610  -79.301545834
    1.510000000 -132.572410691  -79.224359316
    1.520000000 -133.354062214  -77.927865835
    1.530000000 -134.115952464  -75.786734049
    1.540000000 -134.858252145  -72.980454622
    1.550000000 -135.561384211  -69.682074915
    1.560000000 -136.229784016  -65.268124643
    1.570000000 -136.853160058  -60.033303530
    1.580000000 -137.412407189  -53.507396607
    1.590000000 -137.904180341  -46.079999431
    1.600000000 -138.317006155  -38.621628167
    1.610000000 -138.666868582  -31.858583709
    1.620000000 -138.948847270  -26.948673834
    1.630000000 -139.194318200  -24.515562000
    1.640000000 -139.429021679  -24.393685219
    1.650000000 -139.679418918  -26.187660053
    1.660000000 -139.950915730  -29.983886037
    1.670000000 -140.263949687  -34.070481652
    1.680000000 -140.612304958  -37.469013156
    1.690000000 -140.993589767  -39.767327047
    1.700000000 -141.386077027  -39.812410210
    1.710000000 -141.763801646  -38.213866848
    1.720000000 -142.126364870  -34.535978861
    1.730000000 -142.437520600  -29.926119733
    1.740000000 -142.709425366  -24.969669925
    1.750000000 -142.928009314  -21.061961983
    1.760000000 -143.117785997  -19.041186795
    1.770000000 -143.297411622  -19.068284012
    1.780000000 -143.489319920  -21.456544992
    1.790000000 -143.712450733  -25.319834961
    1.800000000 -143.974978338  -29.404591164
    1.810000000 -144.273928967  -32.360998194
    1.820000000 -144.592134726  -32.848218816
    1.830000000 -144.903559333  -29.925465726
    1.840000000 -145.170056168  -24.064361519
    1.850000000 -145.354805004  -15.197354796
    1.860000000 -145.445556942   -4.187465497
    1.870000000 -145.418923776    8.176749785
    1.880000000 -145.262106994   20.683025578
    1.890000000 -144.981648281   33.291591249
    1.900000000 -144.578752274   45.641316489
    1.910000000 -144.052012421   57.094964553
    1.920000000 -143.417960377   68.246681377
    1.930000000 -142.677681606   77.886741510
    1.940000000 -141.841246974   85.436575779
    1.950000000 -140.945479535   91.158827902
    1.960000000 -140.007406143   93.914312487
    1.970000000 -139.056644886   94.116226768
    1.980000000 -138.109533307   92.513384355
    1.990000000 -137.184545452   91.190063301
    2.000000000 -136.262931432   90.935069804
    2.010000000 -135.328051524   94.090792742
    2.020000000 -134.339097496  101.310555183
    2.030000000 -133.259011420  112.990728649
    2.040000000 -132.041795771  128.557117374
    2.050000000 -130.658926431  146.445036065
    2.060000000 -129.085802370  164.498416980
    2.070000000 -127.339107950  182.224607464
    2.080000000 -125.423068533  198.086676714
    2.090000000 -123.357282831  211.165676560
    2.100000000 -121.177111951  222.238364904
    2.110000000 -118.892846597  230.765652412
    2.120000000 -116.533374898  238.379191936
    2.130000000 -114.098840061  245.089623875
    2.140000000 -111.594735468  252.393933830
    2.150000000 -109.011420438  260.886261034
    2.160000000 -106.333471892  271.910331089
    2.170000000 -103.531395705  286.302208480
    2.180000000 -100.568921333  304.260911628
    2.190000000  -97.403886456  326.103112379
    2.200000000  -94.001669423  351.685388103
    2.210000000  -90.323585609  379.940167064
    2.220000000  -86.358023191  410.342444553
    2.230000000  -82.084027463  440.483513253
    2.240000000  -77.517814528  469.267044787
    2.250000000  -72.679553912  494.829670754
    2.260000000  -67.607073296  515.777775487
    2.270000000  -62.352056787  531.183794050
    2.280000000  -56.974901351  540.393234106
    2.290000000  -51.538594715  542.693209954
    2.300000000  -46.113482954  537.689352542
    2.310000000  -40.777925983  525.487388580
    2.320000000  -35.602909826  505.747871769
    2.330000000  -30.661496339  478.667417831
    2.340000000  -26.023668854  444.971572774
    2.350000000  -21.752047869  405.954056490
    2.360000000  -17.892021506  363.017809896
    2.370000000  -14.474289514  317.973626824
    2.380000000  -11.511157743  272.724861694
    2.390000000   -8.993194018  228.788927400
    2.400000000   -6.898520325  187.654424897
    2.410000000   -5.197996829  150.823865471
    2.420000000   -3.843371539  118.596487620
    2.430000000   -2.788699962   91.346820121
    2.440000000   -1.983514515   68.829613368
    2.450000000   -1.382339505   50.754497465
    2.460000000   -0.941574790   36.491899621
    2.470000000   -0.626754603   25.611105631
    2.480000000   -0.405791172   17.427956491
    2.490000000   -0.256504398   11.588417284
    2.500000000   -0.156806443    7.424761824
    2.510000000   -0.095141278    4.768900066
    2.520000000   -0.054240800    2.838764114
    2.530000000   -0.029922199    1.636346243
    2.540000000   -0.017015207    0.990562550
    2.550000000   -0.007703975    0.456051606
    2.560000000   -0.004180571    0.263636336
    2.570000000   -0.001864745    0.122135810
    2.580000000   -0.000949472    0.065985772
    2.590000000   -0.000000000   -0.000000000
    2.600000000   -0.000000000   -0.000000000
    2.610000000   -0.000000000   -0.000000000
    2.620000000   -0.000000000   -0.000000000
    2.630000000   -0.000000000   -0.000000000
    2.640000000   -0.000000000   -0.000000000
    2.650000000   -0.000000000   -0.000000000
    2.660000000   -0.000000000   -0.000000000
    2.670000000   -0.000000000   -0.000000000
    2.680000000   -0.000000000   -0.000000000
    2.690000000   -0.000000000   -0.000000000
    2.700000000   -0.000000000   -0.000000000
    2.710000000   -0.000000000   -0.000000000
    2.720000000   -0.000000000   -0.000000000
    2.730000000   -0.000000000   -0.000000000
    2.740000000   -0.000000000   -0.000000000
    2.750000000   -0.000000000   -0.000000000
    2.760000000   -0.000000000   -0.000000000
    2.770000000   -0.000000000   -0.000000000
    2.780000000   -0.000000000   -0.000000000
    2.790000000   -0.000000000   -0.000000000
    2.800000000   -0.000000000   -0.000000000
    2.810000000   -0.000000000   -0.000000000
    2.820000000   -0.000000000   -0.000000000
    2.830000000   -0.000000000   -0.000000000
    2.840000000   -0.000000000   -0.000000000
    2.850000000   -0.000000000   -0.000000000
    2.860000000   -0.000000000   -0.000000000
    2.870000000   -0.000000000   -0.000000000
    2.880000000   -0.000000000   -0.000000000
    2.890000000   -0.000000000   -0.000000000
    2.900000000   -0.000000000   -0.000000000
    2.910000000   -0.000000000   -0.000000000
    2.920000000   -0.000000000   -0.000000000
    2.930000000   -0.000000000   -0.000000000
    2.940000000   -0.000000000   -0.000000000
    2.950000000   -0.000000000   -0.000000000
    2.960000000   -0.000000000   -0.000000000
    2.970000000   -0.000000000   -0.000000000
    2.980000000   -0.000000000   -0.000000000
    2.990000000   -0.000000000   -0.000000000
    3.000000000   -0.000000000   -0.000000000
