#! FIELDS cv1 file.free der_cv1
#! SET min_cv1 0
#! SET max_cv1 3.0
#! SET nbins_cv1  301
#! SET periodic_cv1 false
    0.000000000 -154.883541397 -1909.445429104
    0.010000000 -172.812011603 -1659.060110430
    0.020000000 -187.859821274 -1339.800952827
    0.030000000 -199.537613745 -992.110946939
    0.040000000 -207.774722049 -658.201434089
    0.050000000 -212.891971598 -373.660796808
    0.060000000 -215.520317620 -162.355511687
    0.070000000 -216.437963567  -31.956817340
    0.080000000 -216.438634662   23.653938784
    0.090000000 -216.186268267   21.866915868
    0.100000000 -216.144201980  -14.879561382
    0.110000000 -216.551265262  -64.591861042
    0.120000000 -217.447870064 -109.973990981
    0.130000000 -218.723547828 -139.837272734
    0.140000000 -220.204462381 -150.653348420
    0.150000000 -221.705024599 -144.226513320
    0.160000000 -223.079147318 -125.974680829
    0.170000000 -224.233062204 -101.888540750
    0.180000000 -225.142603303  -77.865386875
    0.190000000 -225.798916227  -60.496926498
    0.200000000 -226.282308886  -49.174541139
    0.210000000 -226.695662707  -39.722034638
    0.220000000 -227.045135486  -34.156090763
    0.230000000 -227.356455373  -30.925738501
    0.240000000 -227.638508416  -28.212380542
    0.250000000 -227.904033778  -25.256282666
    0.260000000 -228.133552118  -22.063093687
    0.270000000 -228.333032038  -19.044360271
    0.280000000 -228.501597758  -17.475451587
    0.290000000 -228.663913808  -17.411329217
    0.300000000 -228.831426017  -19.628339607
    0.310000000 -229.030115083  -23.092513031
    0.320000000 -229.264412268  -26.941948586
    0.330000000 -229.535719799  -30.135025582
    0.340000000 -229.830734757  -31.424848968
    0.350000000 -230.131791891  -31.088573938
    0.360000000 -230.416433983  -28.467871366
    0.370000000 -230.667143662  -24.650853846
    0.380000000 -230.877956356  -19.852626314
    0.390000000 -231.037613910  -14.565964872
    0.400000000 -231.143269043   -9.456847418
    0.410000000 -231.194527311   -4.328110218
    0.420000000 -231.199687660    1.052016242
    0.430000000 -231.147317718    5.990024706
    0.440000000 -231.053119492   10.917029431
    0.450000000 -230.898877666   15.102149642
    0.460000000 -230.714858469   18.293147989
    0.470000000 -230.510284270   19.861899839
    0.480000000 -230.296972716   19.671139808
    0.490000000 -230.092029010   17.472178275
    0.500000000 -229.918910341   15.266374059
    0.510000000 -229.764072038   12.854698906
    0.520000000 -229.625687584   12.194067872
    0.530000000 -229.483975606   13.260220906
    0.540000000 -229.320692607   16.935710652
    0.550000000 -229.113226365   21.902196361
    0.560000000 -228.849173758   27.099777956
    0.570000000 -228.537431379   31.176555840
    0.580000000 -228.197848140   33.515935835
    0.590000000 -227.846632895   33.120829346
    0.600000000 -227.516517698   30.115541128
    0.610000000 -227.222754325   25.715146212
    0.620000000 -226.971227393   20.596698843
    0.630000000 -226.770862330   16.904680374
    0.640000000 -226.598639235   15.204498478
    0.650000000 -226.429484477   16.021062091
    0.660000000 -226.238000989   19.585248544
    0.670000000 -225.999058409   25.007767544
    0.680000000 -225.701477220   31.419607432
    0.690000000 -225.342545190   37.512329856
    0.700000000 -224.928388821   41.941070505
    0.710000000 -224.481724702   44.395053010
    0.720000000 -224.019535960   43.736534749
    0.730000000 -223.583836405   40.954735127
    0.740000000 -223.179533347   36.143091438
    0.750000000 -222.831663562   30.582655038
    0.760000000 -222.537055732   25.616126074
    0.770000000 -222.283617509   21.867511970
    0.780000000 -222.062949727   19.827728671
    0.790000000 -221.858436019   18.452649290
    0.800000000 -221.661028527   17.924280016
    0.810000000 -221.468220419   16.766681861
    0.820000000 -221.299035245   14.911301291
    0.830000000 -221.150774973   11.137504852
    0.840000000 -221.047979714    5.530457353
    0.850000000 -221.007568761   -0.012171301
    0.860000000 -221.019976611   -5.480041248
    0.870000000 -221.079919112   -8.842324106
    0.880000000 -221.153406666   -8.693597417
    0.890000000 -221.212819976   -5.006703861
    0.900000000 -221.215988854    1.478642583
    0.910000000 -221.145255173   10.044962305
    0.920000000 -220.990462744   18.222727579
    0.930000000 -220.759779444   24.413521051
    0.940000000 -220.481797015   27.127523336
    0.950000000 -220.199245141   25.795157989
    0.960000000 -219.951456745   20.577755125
    0.970000000 -219.770886313   12.177097311
    0.980000000 -219.687450545    2.435568425
    0.990000000 -219.696486999   -7.152766061
    1.000000000 -219.797156531  -15.506878137
    1.010000000 -219.968403497  -22.223487976
    1.020000000 -220.197732588  -26.614265476
    1.030000000 -220.468021302  -29.390894300
    1.040000000 -220.760769899  -31.075049783
    1.050000000 -221.067311447  -32.419621525
    1.060000000 -221.380757394  -33.651802584
    1.070000000 -221.705478854  -34.352849705
    1.080000000 -222.041216108  -34.835251396
    1.090000000 -222.374544355  -34.847471592
    1.100000000 -222.706911538  -34.511339107
    1.110000000 -223.036450353  -33.603617913
    1.120000000 -223.348640821  -32.242470156
    1.130000000 -223.649911657  -30.317055423
    1.140000000 -223.934057601  -28.438187808
    1.150000000 -224.203707219  -27.537598871
    1.160000000 -224.463295910  -28.347322970
    1.170000000 -224.743750526  -30.068075942
    1.180000000 -225.048446286  -33.447231689
    1.190000000 -225.383765060  -37.257580526
    1.200000000 -225.761430191  -40.429210604
    1.210000000 -226.165876733  -43.064481795
    1.220000000 -226.591174633  -44.082927079
    1.230000000 -227.019329092  -44.137058611
    1.240000000 -227.440396887  -43.604358789
    1.250000000 -227.862209575  -42.974868163
    1.260000000 -228.287139161  -43.994789773
    1.270000000 -228.722305307  -46.419058178
    1.280000000 -229.188396434  -49.955557139
    1.290000000 -229.698080538  -55.040430993
    1.300000000 -230.258227826  -59.762678652
    1.310000000 -230.866150147  -63.685476917
    1.320000000 -231.503179082  -65.937736397
    1.330000000 -232.152689623  -66.143612493
    1.340000000 -232.796946392  -64.706455722
    1.350000000 -233.407812365  -62.050213705
    1.360000000 -234.002128425  -58.527212824
    1.370000000 -234.556445867  -55.217651145
    1.380000000 -235.086810617  -53.298442701
    1.390000000 -235.607110665  -52.737930044
    1.400000000 -236.125983233  -54.361187830
    1.410000000 -236.669196926  -57.521578418
    1.420000000 -237.248844659  -61.896533216
    1.430000000 -237.878838793  -66.670739675
    1.440000000 -238.559361657  -71.574818391
    1.450000000 -239.284477346  -76.415174604
    1.460000000 -240.056472260  -79.914569863
    1.470000000 -240.861005120  -82.816304201
    1.480000000 -241.684504691  -85.094363738
    1.490000000 -242.528569537  -86.036997003
    1.500000000 -243.375353346  -86.406697777
    1.510000000 -244.231059473  -86.601487877
    1.520000000 -245.086113425  -86.463850361
    1.530000000 -245.933482670  -85.788935116
    1.540000000 -246.775271069  -84.608116516
    1.550000000 -247.589595756  -82.460165921
    1.560000000 -248.385300611  -78.864681756
    1.570000000 -249.145351081  -74.949304042
    1.580000000 -249.860125930  -71.041672122
    1.590000000 -250.542391290  -68.281351477
    1.600000000 -251.201797487  -67.563038979
    1.610000000 -251.874877790  -69.446399958
    1.620000000 -252.572893141  -73.655260870
    1.630000000 -253.322414728  -79.836033438
    1.640000000 -254.137854524  -85.491154139
    1.650000000 -255.006234263  -89.208191612
    1.660000000 -255.890108626  -90.259216034
    1.670000000 -256.763125926  -86.354093307
    1.680000000 -257.569549221  -77.830441498
    1.690000000 -258.275890304  -65.976466263
    1.700000000 -258.849045847  -51.616411926
    1.710000000 -259.274590968  -37.316558625
    1.720000000 -259.574914844  -24.278940784
    1.730000000 -259.745342482  -14.650604757
    1.740000000 -259.847629165   -8.225360237
    1.750000000 -259.897795615   -6.026990200
    1.760000000 -259.944743627   -7.019272603
    1.770000000 -260.013956967  -10.095115547
    1.780000000 -260.117125120  -14.002812197
    1.790000000 -260.257130112  -17.138872698
    1.800000000 -260.419633629  -18.436853301
    1.810000000 -260.583098108  -17.134158254
    1.820000000 -260.721152650  -13.216167212
    1.830000000 -260.811124514   -7.294961746
    1.840000000 -260.835688923   -0.820807647
    1.850000000 -260.791381592    5.366801445
    1.860000000 -260.697869784   10.267481394
    1.870000000 -260.560088552   13.902387687
    1.880000000 -260.388130492   16.098283714
    1.890000000 -260.192084403   18.825746670
    1.900000000 -259.968046651   23.493451908
    1.910000000 -259.682519570   30.149440131
    1.920000000 -259.319952240   40.412817889
    1.930000000 -258.839602548   52.448899127
    1.940000000 -258.225916261   65.406246119
    1.950000000 -257.486377401   78.389437257
    1.960000000 -256.623663731   89.643964124
    1.970000000 -255.666323627   98.593096030
    1.980000000 -254.626699179  105.115435040
    1.990000000 -253.530885530  111.135302428
    2.000000000 -252.367909880  117.343302916
    2.010000000 -251.131917035  126.182094404
    2.020000000 -249.791443799  138.101189947
    2.030000000 -248.314788581  153.199786033
    2.040000000 -246.672831540  171.290374012
    2.050000000 -244.850632474  190.334182822
    2.060000000 -242.831047339  208.171442468
    2.070000000 -240.649672058  224.051710457
    2.080000000 -238.321740755  236.457663356
    2.090000000 -235.885887677  244.866183123
    2.100000000 -233.388290645  250.455330487
    2.110000000 -230.845997745  252.876897325
    2.120000000 -228.287908283  254.535241256
    2.130000000 -225.709666310  256.421345377
    2.140000000 -223.101942427  260.195727982
    2.150000000 -220.444049552  267.150791838
    2.160000000 -217.700270286  277.999299684
    2.170000000 -214.826455134  292.869975341
    2.180000000 -211.788381124  311.025762337
    2.190000000 -208.554972961  331.090895290
    2.200000000 -205.112228557  352.359089661
    2.210000000 -201.459551118  372.561105703
    2.220000000 -197.618029333  390.798923351
    2.230000000 -193.601987275  405.802802959
    2.240000000 -189.456072705  418.383372717
    2.250000000 -185.195355316  428.473327922
    2.260000000 -180.839252166  437.947738361
    2.270000000 -176.384469095  448.215481087
    2.280000000 -171.817511966  460.693437896
    2.290000000 -167.110524231  475.921875434
    2.300000000 -162.236097626  493.681863995
    2.310000000 -157.173121606  513.555087504
    2.320000000 -151.907834103  534.261095939
    2.330000000 -146.437172097  555.169586062
    2.340000000 -140.754955636  575.474598047
    2.350000000 -134.869562749  596.207361501
    2.360000000 -128.772254237  618.175836751
    2.370000000 -122.446583993  642.449605485
    2.380000000 -115.865142566  669.575082835
    2.390000000 -108.996596857  699.237515522
    2.400000000 -101.819694312  730.440490506
    2.410000000  -94.333857504  761.564121271
    2.420000000  -86.548615037  789.122621710
    2.430000000  -78.523245555  810.545134158
    2.440000000  -70.330192436  821.740086110
    2.450000000  -62.090672183  820.238285698
    2.460000000  -53.937761925  803.374633841
    2.470000000  -46.034133836  770.623803825
    2.480000000  -38.532857049  721.948922221
    2.490000000  -31.589854154  659.755280758
    2.500000000  -25.327842915  587.138569112
    2.510000000  -19.831980942  508.008917801
    2.520000000  -15.142391501  426.542877188
    2.530000000  -11.260640416  347.194616698
    2.540000000   -8.148249077  273.827336508
    2.550000000   -5.726523944  208.717255339
    2.560000000   -3.904909043  153.661937417
    2.570000000   -2.586333597  109.593180977
    2.580000000   -1.654971711   75.098214068
    2.590000000   -1.023317412   49.524385700
    2.600000000   -0.613518068   31.616593746
    2.610000000   -0.353299146   19.294527890
    2.620000000   -0.192243193   11.043261726
    2.630000000   -0.100172102    6.039463595
    2.640000000   -0.049054645    3.091921257
    2.650000000   -0.021680003    1.419563043
    2.660000000   -0.008070485    0.546533022
    2.670000000   -0.001193091    0.080693531
    2.680000000   -0.000594644    0.042596729
    2.690000000   -0.000000000   -0.000000000
    2.700000000   -0.000000000   -0.000000000
    2.710000000   -0.000000000   -0.000000000
    2.720000000   -0.000000000   -0.000000000
    2.730000000   -0.000000000   -0.000000000
    2.740000000   -0.000000000   -0.000000000
    2.750000000   -0.000000000   -0.000000000
    2.760000000   -0.000000000   -0.000000000
    2.770000000   -0.000000000   -0.000000000
    2.780000000   -0.000000000   -0.000000000
    2.790000000   -0.000000000   -0.000000000
    2.800000000   -0.000000000   -0.000000000
    2.810000000   -0.000000000   -0.000000000
    2.820000000   -0.000000000   -0.000000000
    2.830000000   -0.000000000   -0.000000000
    2.840000000   -0.000000000   -0.000000000
    2.850000000   -0.000000000   -0.000000000
    2.860000000   -0.000000000   -0.000000000
    2.870000000   -0.000000000   -0.000000000
    2.880000000   -0.000000000   -0.000000000
    2.890000000   -0.000000000   -0.000000000
    2.900000000   -0.000000000   -0.000000000
    2.910000000   -0.000000000   -0.000000000
    2.920000000   -0.000000000   -0.000000000
    2.930000000   -0.000000000   -0.000000000
    2.940000000   -0.000000000   -0.000000000
    2.950000000   -0.000000000   -0.000000000
    2.960000000   -0.000000000   -0.000000000
    2.970000000   -0.000000000   -0.000000000
    2.980000000   -0.000000000   -0.000000000
    2.990000000   -0.000000000   -0.000000000
    3.000000000   -0.000000000   -0.000000000
