#! FIELDS cv1 file.free der_cv1
#! SET min_cv1 0
#! SET max_cv1 3.0
#! SET nbins_cv1  301
#! SET periodic_cv1 false
    0.000000000   -1.270991532  -34.047692819
    0.010000000   -1.645231520  -40.617037087
    0.020000000   -2.085305179  -47.213773100
    0.030000000   -2.588776688  -53.377322194
    0.040000000   -3.152116377  -58.833390804
    0.050000000   -3.762907566  -62.979364199
    0.060000000   -4.407967639  -65.551508578
    0.070000000   -5.070362142  -66.382905719
    0.080000000   -5.731017238  -65.434187363
    0.090000000   -6.376347073  -63.191271252
    0.100000000   -6.994241675  -60.126617156
    0.110000000   -7.580114914  -56.918661183
    0.120000000   -8.136222243  -54.218300535
    0.130000000   -8.668837150  -52.376871424
    0.140000000   -9.187726046  -51.501364654
    0.150000000   -9.701863456  -51.355702327
    0.160000000  -10.219179676  -51.636485888
    0.170000000  -10.735585216  -51.441509644
    0.180000000  -11.246797253  -50.363567710
    0.190000000  -11.739396925  -47.871457307
    0.200000000  -12.201984004  -44.056680962
    0.210000000  -12.619607079  -39.064957048
    0.220000000  -12.982570381  -33.214884109
    0.230000000  -13.284269664  -27.094120793
    0.240000000  -13.525463912  -21.370316810
    0.250000000  -13.717095841  -16.815882506
    0.260000000  -13.868504711  -13.600511820
    0.270000000  -13.996235016  -12.190236470
    0.280000000  -14.118818636  -12.672295677
    0.290000000  -14.254854796  -14.948008281
    0.300000000  -14.420239183  -18.530152288
    0.310000000  -14.626011491  -22.869380842
    0.320000000  -14.877919927  -27.235654876
    0.330000000  -15.168213273  -30.836338013
    0.340000000  -15.487776807  -32.812227250
    0.350000000  -15.817279346  -32.680407450
    0.360000000  -16.133281232  -29.981119374
    0.370000000  -16.408230005  -24.841110545
    0.380000000  -16.619315589  -17.389499638
    0.390000000  -16.747512681   -8.280308975
    0.400000000  -16.781763882    1.660150937
    0.410000000  -16.714188094   11.284984421
    0.420000000  -16.556589574   19.975647524
    0.430000000  -16.319746582   26.874760681
    0.440000000  -16.024963435   31.372502399
    0.450000000  -15.699182337   33.239806807
    0.460000000  -15.369202576   32.067478669
    0.470000000  -15.064922602   28.210099189
    0.480000000  -14.811238996   22.010801540
    0.490000000  -14.628580910   14.141110026
    0.500000000  -14.528247071    5.797173044
    0.510000000  -14.509871511   -2.017606086
    0.520000000  -14.562937936   -8.340403522
    0.530000000  -14.666952304  -12.586348258
    0.540000000  -14.801330245  -14.002157859
    0.550000000  -14.936915825  -12.978198732
    0.560000000  -15.052592443   -9.853000181
    0.570000000  -15.127839598   -5.581737812
    0.580000000  -15.156755021   -0.819830759
    0.590000000  -15.139134403    4.031033442
    0.600000000  -15.075341962    8.565782758
    0.610000000  -14.970820342   12.472086852
    0.620000000  -14.827047974   15.589781096
    0.630000000  -14.654925924   18.505297979
    0.640000000  -14.455831957   20.912717499
    0.650000000  -14.235358394   22.610806286
    0.660000000  -14.004011219   23.241077793
    0.670000000  -13.774665830   22.209841975
    0.680000000  -13.563684741   19.597377774
    0.690000000  -13.386294772   15.298113781
    0.700000000  -13.259427558   10.082613592
    0.710000000  -13.185695960    4.619520877
    0.720000000  -13.162949225   -0.129661025
    0.730000000  -13.180038402   -3.186986774
    0.740000000  -13.214624623   -3.862814877
    0.750000000  -13.244051704   -1.783691037
    0.760000000  -13.243252939    2.166805969
    0.770000000  -13.195120118    7.036766276
    0.780000000  -13.099251113   11.812764798
    0.790000000  -12.961539624   15.087404216
    0.800000000  -12.801688687   16.116306977
    0.810000000  -12.644977767   14.470443312
    0.820000000  -12.520059681   10.238774873
    0.830000000  -12.445982837    4.310739034
    0.840000000  -12.434823916   -2.232529318
    0.850000000  -12.486501821   -8.012231512
    0.860000000  -12.585462276  -11.985322863
    0.870000000  -12.712416685  -13.015726941
    0.880000000  -12.834668898  -11.064115158
    0.890000000  -12.924570208   -6.594003521
    0.900000000  -12.961069138   -0.588067935
    0.910000000  -12.935027524    5.646813947
    0.920000000  -12.851714752   10.652078490
    0.930000000  -12.727896152   13.369236130
    0.940000000  -12.591280757   13.304092236
    0.950000000  -12.470256780   10.423155277
    0.960000000  -12.387207881    5.714084609
    0.970000000  -12.359065165    0.094729605
    0.980000000  -12.385088022   -5.302817048
    0.990000000  -12.458587646   -9.411627554
    1.000000000  -12.565321303  -11.821853858
    1.010000000  -12.691309374  -13.193363935
    1.020000000  -12.827784090  -14.087985911
    1.030000000  -12.977437155  -15.903339608
    1.040000000  -13.151417447  -19.544003108
    1.050000000  -13.374136545  -25.240326025
    1.060000000  -13.661578576  -32.790844229
    1.070000000  -14.029407581  -41.201001810
    1.080000000  -14.481859509  -49.028825035
    1.090000000  -15.002971021  -54.918565721
    1.100000000  -15.567678163  -57.736938748
    1.110000000  -16.142982055  -56.637005299
    1.120000000  -16.687895673  -51.620615441
    1.130000000  -17.165457190  -43.581844782
    1.140000000  -17.552043382  -33.465571617
    1.150000000  -17.835849071  -22.937524105
    1.160000000  -18.015205395  -13.166225337
    1.170000000  -18.107440685   -5.353047290
    1.180000000  -18.133788093   -0.215686628
    1.190000000  -18.122100110    1.542123279
    1.200000000  -18.109326804    0.227555112
    1.210000000  -18.125600655   -4.103101470
    1.220000000  -18.198934989  -11.171202002
    1.230000000  -18.354244250  -20.338197775
    1.240000000  -18.608020018  -30.617414721
    1.250000000  -18.967045130  -40.907667341
    1.260000000  -19.426531479  -50.290086251
    1.270000000  -19.968964748  -57.452578613
    1.280000000  -20.564415907  -61.248729667
    1.290000000  -21.178920501  -61.233277493
    1.300000000  -21.774734564  -57.257125947
    1.310000000  -22.313197828  -49.832859130
    1.320000000  -22.762069193  -39.939101570
    1.330000000  -23.108456859  -28.975694951
    1.340000000  -23.346224728  -18.952046476
    1.350000000  -23.492053374  -11.078901262
    1.360000000  -23.579082594   -7.111772780
    1.370000000  -23.649124513   -7.674006266
    1.380000000  -23.750081002  -13.617770824
    1.390000000  -23.936899669  -24.100109100
    1.400000000  -24.248413586  -38.590496998
    1.410000000  -24.715569821  -55.062614966
    1.420000000  -25.349721905  -71.881667230
    1.430000000  -26.147838057  -86.962670269
    1.440000000  -27.080093661  -98.659764064
    1.450000000  -28.108398369 -106.087109269
    1.460000000  -29.185331040 -108.536107665
    1.470000000  -30.262995139 -106.331988654
    1.480000000  -31.296683091 -100.413510644
    1.490000000  -32.260034195  -91.982006671
    1.500000000  -33.133303879  -82.648648448
    1.510000000  -33.916236971  -73.921308820
    1.520000000  -34.617015624  -66.854755256
    1.530000000  -35.257062753  -61.429195254
    1.540000000  -35.850320224  -57.623096898
    1.550000000  -36.410071123  -54.449498695
    1.560000000  -36.938340515  -51.195576034
    1.570000000  -37.433379608  -47.222979729
    1.580000000  -37.882162363  -42.283070000
    1.590000000  -38.280093572  -37.132746519
    1.600000000  -38.625048647  -32.356471986
    1.610000000  -38.932455285  -29.292337694
    1.620000000  -39.220056283  -28.538084097
    1.630000000  -39.511276218  -30.722751064
    1.640000000  -39.837148218  -35.373567432
    1.650000000  -40.224236494  -41.598203938
    1.660000000  -40.673746006  -48.452462747
    1.670000000  -41.189580932  -54.675406490
    1.680000000  -41.755113824  -58.814963293
    1.690000000  -42.351721371  -60.237328170
    1.700000000  -42.944406827  -58.510326974
    1.710000000  -43.505075553  -53.834461130
    1.720000000  -44.011361144  -46.742492775
    1.730000000  -44.433049030  -38.258040889
    1.740000000  -44.774507948  -29.580629188
    1.750000000  -45.027226300  -21.876580287
    1.760000000  -45.211721430  -15.972643285
    1.770000000  -45.343917799  -11.967471299
    1.780000000  -45.450059889   -9.571335485
    1.790000000  -45.534467915   -8.040518724
    1.800000000  -45.599471894   -5.808117633
    1.810000000  -45.635107875   -1.203056713
    1.820000000  -45.609676359    6.146436799
    1.830000000  -45.495393189   16.830656582
    1.840000000  -45.262432154   29.823572721
    1.850000000  -44.890626125   43.974271614
    1.860000000  -44.376886771   57.520332691
    1.870000000  -43.738912669   69.055925404
    1.880000000  -42.998749684   77.573323957
    1.890000000  -42.190692623   82.785870747
    1.900000000  -41.347189029   84.905656668
    1.910000000  -40.491523140   84.935019534
    1.920000000  -39.641909936   83.790295248
    1.930000000  -38.806362250   82.295689061
    1.940000000  -37.982659491   80.980740181
    1.950000000  -37.171167409   80.537008399
    1.960000000  -36.358716411   80.924690222
    1.970000000  -35.538716755   82.935951877
    1.980000000  -34.688153177   86.471828695
    1.990000000  -33.790723186   92.570933874
    2.000000000  -32.818122442  101.663626166
    2.010000000  -31.736818315  113.865702146
    2.020000000  -30.515654782  128.791127391
    2.030000000  -29.136739422  146.145902375
    2.040000000  -27.579406237  163.871065947
    2.050000000  -25.851895741  180.439804111
    2.060000000  -23.971521440  193.552339386
    2.070000000  -21.985694377  202.130009642
    2.080000000  -19.942054401  204.779215084
    2.090000000  -17.900094553  201.296203684
    2.100000000  -15.923805264  192.749361697
    2.110000000  -14.051874970  179.642880623
    2.120000000  -12.326793989  164.178996037
    2.130000000  -10.761233216  147.628039212
    2.140000000   -9.362466322  131.781815290
    2.150000000   -8.112593194  117.061029168
    2.160000000   -7.001789988  104.494947787
    2.170000000   -6.008190420   93.943436081
    2.180000000   -5.112491310   84.948855499
    2.190000000   -4.299344055   76.820925046
    2.200000000   -3.565477954   69.333781523
    2.210000000   -2.902823542   61.698887974
    2.220000000   -2.319080615   54.230307447
    2.230000000   -1.811875081   46.659002794
    2.240000000   -1.379145417   38.955564200
    2.250000000   -1.023567610   31.683890778
    2.260000000   -0.739088268   24.991922509
    2.270000000   -0.516047837   18.901732895
    2.280000000   -0.351779293   13.987643845
    2.290000000   -0.232242693    9.975085129
    2.300000000   -0.147980236    6.823449344
    2.310000000   -0.091343330    4.509693116
    2.320000000   -0.053956026    2.831342014
    2.330000000   -0.030565536    1.696952565
    2.340000000   -0.016780692    0.985934528
    2.350000000   -0.008212960    0.502444908
    2.360000000   -0.003963039    0.253838358
    2.370000000   -0.001627228    0.108002119
    2.380000000   -0.000821321    0.057797911
    2.390000000   -0.000000000   -0.000000000
    2.400000000   -0.000000000   -0.000000000
    2.410000000   -0.000000000   -0.000000000
    2.420000000   -0.000000000   -0.000000000
    2.430000000   -0.000000000   -0.000000000
    2.440000000   -0.000000000   -0.000000000
    2.450000000   -0.000000000   -0.000000000
    2.460000000   -0.000000000   -0.000000000
    2.470000000   -0.000000000   -0.000000000
    2.480000000   -0.000000000   -0.000000000
    2.490000000   -0.000000000   -0.000000000
    2.500000000   -0.000000000   -0.000000000
    2.510000000   -0.000000000   -0.000000000
    2.520000000   -0.000000000   -0.000000000
    2.530000000   -0.000000000   -0.000000000
    2.540000000   -0.000000000   -0.000000000
    2.550000000   -0.000000000   -0.000000000
    2.560000000   -0.000000000   -0.000000000
    2.570000000   -0.000000000   -0.000000000
    2.580000000   -0.000000000   -0.000000000
    2.590000000   -0.000000000   -0.000000000
    2.600000000   -0.000000000   -0.000000000
    2.610000000   -0.000000000   -0.000000000
    2.620000000   -0.000000000   -0.000000000
    2.630000000   -0.000000000   -0.000000000
    2.640000000   -0.000000000   -0.000000000
    2.650000000   -0.000000000   -0.000000000
    2.660000000   -0.000000000   -0.000000000
    2.670000000   -0.000000000   -0.000000000
    2.680000000   -0.000000000   -0.000000000
    2.690000000   -0.000000000   -0.000000000
    2.700000000   -0.000000000   -0.000000000
    2.710000000   -0.000000000   -0.000000000
    2.720000000   -0.000000000   -0.000000000
    2.730000000   -0.000000000   -0.000000000
    2.740000000   -0.000000000   -0.000000000
    2.750000000   -0.000000000   -0.000000000
    2.760000000   -0.000000000   -0.000000000
    2.770000000   -0.000000000   -0.000000000
    2.780000000   -0.000000000   -0.000000000
    2.790000000   -0.000000000   -0.000000000
    2.800000000   -0.000000000   -0.000000000
    2.810000000   -0.000000000   -0.000000000
    2.820000000   -0.000000000   -0.000000000
    2.830000000   -0.000000000   -0.000000000
    2.840000000   -0.000000000   -0.000000000
    2.850000000   -0.000000000   -0.000000000
    2.860000000   -0.000000000   -0.000000000
    2.870000000   -0.000000000   -0.000000000
    2.880000000   -0.000000000   -0.000000000
    2.890000000   -0.000000000   -0.000000000
    2.900000000   -0.000000000   -0.000000000
    2.910000000   -0.000000000   -0.000000000
    2.920000000   -0.000000000   -0.000000000
    2.930000000   -0.000000000   -0.000000000
    2.940000000   -0.000000000   -0.000000000
    2.950000000   -0.000000000   -0.000000000
    2.960000000   -0.000000000   -0.000000000
    2.970000000   -0.000000000   -0.000000000
    2.980000000   -0.000000000   -0.000000000
    2.990000000   -0.000000000   -0.000000000
    3.000000000   -0.000000000   -0.000000000
