#! FIELDS cv1 file.free der_cv1
#! SET min_cv1 0
#! SET max_cv1 3.0
#! SET nbins_cv1  301
#! SET periodic_cv1 false
    0.000000000  -99.641349289 -1378.759872744
    0.010000000 -112.869485478 -1254.106397601
    0.020000000 -124.554582311 -1073.347752915
    0.030000000 -134.241427170 -858.652028526
    0.040000000 -141.721410517 -636.029934376
    0.050000000 -147.039932577 -430.062231117
    0.060000000 -150.462132687 -259.626879020
    0.070000000 -152.404710560 -135.386902675
    0.080000000 -153.349159393  -59.273870913
    0.090000000 -153.750228789  -25.272369595
    0.100000000 -153.981672095  -22.824815057
    0.110000000 -154.289499390  -38.972778255
    0.120000000 -154.804866799  -62.374792923
    0.130000000 -155.550103652  -84.068753860
    0.140000000 -156.481652532  -98.985023621
    0.150000000 -157.521008598 -105.373403895
    0.160000000 -158.582112650 -103.788381705
    0.170000000 -159.594835005  -96.307589398
    0.180000000 -160.516967563  -85.739540353
    0.190000000 -161.314686132  -75.518215988
    0.200000000 -161.995422427  -66.478796954
    0.210000000 -162.595596175  -58.505507117
    0.220000000 -163.130512332  -51.995797292
    0.230000000 -163.616653091  -47.519617256
    0.240000000 -164.070135843  -44.464327512
    0.250000000 -164.498523417  -43.008604943
    0.260000000 -164.915574048  -41.531528960
    0.270000000 -165.316316497  -39.848180303
    0.280000000 -165.700712777  -38.066172282
    0.290000000 -166.062375585  -35.966355607
    0.300000000 -166.400160688  -33.922006607
    0.310000000 -166.724548242  -32.215034149
    0.320000000 -167.032028998  -31.333020524
    0.330000000 -167.331341490  -31.232360417
    0.340000000 -167.635081472  -31.262794219
    0.350000000 -167.940806885  -31.623607153
    0.360000000 -168.245281587  -31.372550397
    0.370000000 -168.542148985  -29.675780542
    0.380000000 -168.813863172  -26.427235129
    0.390000000 -169.046847412  -21.657757418
    0.400000000 -169.228486968  -16.006598455
    0.410000000 -169.348076264  -10.385809572
    0.420000000 -169.414997064   -5.655251031
    0.430000000 -169.443707014   -2.445906135
    0.440000000 -169.456184968   -1.447133342
    0.450000000 -169.464505160   -2.844836500
    0.460000000 -169.497898705   -5.775061657
    0.470000000 -169.561439084   -9.667321538
    0.480000000 -169.666561258  -12.893325398
    0.490000000 -169.795064192  -15.321004290
    0.500000000 -169.945732308  -16.202912081
    0.510000000 -170.099471109  -16.037272235
    0.520000000 -170.242371297  -15.040304711
    0.530000000 -170.374008685  -13.416592296
    0.540000000 -170.490999504  -11.827042025
    0.550000000 -170.597412193  -11.153312646
    0.560000000 -170.696846774  -11.410241844
    0.570000000 -170.803896728  -12.152700129
    0.580000000 -170.920669601  -13.931185426
    0.590000000 -171.059931993  -16.026413349
    0.600000000 -171.220260120  -18.600130713
    0.610000000 -171.407704761  -21.167028292
    0.620000000 -171.620073835  -23.539114043
    0.630000000 -171.852700417  -24.651506375
    0.640000000 -172.091638292  -23.932032263
    0.650000000 -172.309098929  -21.622658000
    0.660000000 -172.493473629  -16.956368648
    0.670000000 -172.623244399  -10.598385554
    0.680000000 -172.679407751   -3.400492621
    0.690000000 -172.663206532    4.350054837
    0.700000000 -172.570991926   11.460120392
    0.710000000 -172.419468298   16.780270557
    0.720000000 -172.223073317   19.608489962
    0.730000000 -172.011151688   20.088038379
    0.740000000 -171.807219535   18.509164960
    0.750000000 -171.626646372   15.117528553
    0.760000000 -171.485487572   10.881107700
    0.770000000 -171.383170505    6.787771085
    0.780000000 -171.320377303    3.832263143
    0.790000000 -171.280915875    2.306311240
    0.800000000 -171.248618377    2.376488689
    0.810000000 -171.207458705    3.577817058
    0.820000000 -171.150542225    5.901302476
    0.830000000 -171.069556462    8.173463691
    0.840000000 -170.965612176   10.343927349
    0.850000000 -170.840973599   11.899702663
    0.860000000 -170.702504575   13.499200452
    0.870000000 -170.548846713   14.975529120
    0.880000000 -170.376132420   16.843661541
    0.890000000 -170.184612946   19.429227544
    0.900000000 -169.966742320   22.141230707
    0.910000000 -169.723751538   24.289915742
    0.920000000 -169.465223121   24.757461337
    0.930000000 -169.209834725   23.305887282
    0.940000000 -168.982328974   19.872094485
    0.950000000 -168.795315174   14.828953808
    0.960000000 -168.663596299    9.291173827
    0.970000000 -168.586649349    4.413706515
    0.980000000 -168.550735582    1.031924431
    0.990000000 -168.530689608    0.367764102
    1.000000000 -168.506097417    2.452290465
    1.010000000 -168.449572470    6.962895645
    1.020000000 -168.341888495   12.748583420
    1.030000000 -168.176787323   18.368691649
    1.040000000 -167.958158159   22.543257523
    1.050000000 -167.707902463   24.826367134
    1.060000000 -167.446485336   25.043820898
    1.070000000 -167.191621707   23.695238366
    1.080000000 -166.954466403   20.844120136
    1.090000000 -166.751015465   17.593576617
    1.100000000 -166.577735666   14.495450868
    1.110000000 -166.436967567   11.729047895
    1.120000000 -166.323500632    9.195815396
    1.130000000 -166.232577347    6.816594208
    1.140000000 -166.166395579    4.504269879
    1.150000000 -166.121093788    2.308712043
    1.160000000 -166.096438342    0.529302647
    1.170000000 -166.088102463   -0.712529788
    1.180000000 -166.085697599   -1.151668212
    1.190000000 -166.085410046   -0.684465452
    1.200000000 -166.073861593    0.095775622
    1.210000000 -166.059634955    0.968219204
    1.220000000 -166.034236573    1.217100482
    1.230000000 -166.014889375    0.725065109
    1.240000000 -166.004374063   -1.127428974
    1.250000000 -166.019893793   -3.989009409
    1.260000000 -166.067880795   -7.925405520
    1.270000000 -166.159582722  -12.330434697
    1.280000000 -166.295796118  -16.836561578
    1.290000000 -166.477052515  -21.445073703
    1.300000000 -166.699486653  -25.495014543
    1.310000000 -166.955135356  -28.487379889
    1.320000000 -167.237197840  -29.558264739
    1.330000000 -167.524976863  -28.980986150
    1.340000000 -167.794682763  -26.311684197
    1.350000000 -168.023542311  -21.631474417
    1.360000000 -168.199515709  -15.207886322
    1.370000000 -168.304505156   -8.196151710
    1.380000000 -168.338359926   -1.010993153
    1.390000000 -168.307577176    5.188612772
    1.400000000 -168.222628763    9.582800789
    1.410000000 -168.101645171   11.937126740
    1.420000000 -167.969834101   11.950311895
    1.430000000 -167.847772573    9.926231024
    1.440000000 -167.756227891    6.428478621
    1.450000000 -167.706932293    1.498248436
    1.460000000 -167.706217755   -3.867262073
    1.470000000 -167.759758137   -8.880915214
    1.480000000 -167.861756503  -13.436377377
    1.490000000 -168.003275292  -16.804153774
    1.500000000 -168.173425714  -18.836253649
    1.510000000 -168.357104451  -19.711792176
    1.520000000 -168.544482223  -19.187728624
    1.530000000 -168.720300678  -18.133285176
    1.540000000 -168.882095681  -16.683703559
    1.550000000 -169.027684520  -14.903951627
    1.560000000 -169.156764500  -13.223566136
    1.570000000 -169.270019006  -11.464087935
    1.580000000 -169.364150309  -10.368396191
    1.590000000 -169.452019457   -8.951259834
    1.600000000 -169.528154045   -8.059239509
    1.610000000 -169.598053998   -7.651505031
    1.620000000 -169.662645618   -7.673704093
    1.630000000 -169.727220978   -7.790232996
    1.640000000 -169.793660631   -7.704734967
    1.650000000 -169.858972322   -6.837821394
    1.660000000 -169.912378364   -5.465847992
    1.670000000 -169.940094353   -2.332115573
    1.680000000 -169.932571958    1.970283696
    1.690000000 -169.877356248    7.203823425
    1.700000000 -169.765077738   12.211381706
    1.710000000 -169.607924414   16.600392603
    1.720000000 -169.418021641   19.297022553
    1.730000000 -169.211913541   19.552882013
    1.740000000 -169.014217049   17.532816408
    1.750000000 -168.845097453   13.702003924
    1.760000000 -168.719616232    8.738708245
    1.770000000 -168.641890720    4.336675880
    1.780000000 -168.603413159    1.566525262
    1.790000000 -168.583535683    0.672155203
    1.800000000 -168.559791165    2.109482227
    1.810000000 -168.510958190    5.547326265
    1.820000000 -168.418407392   10.500732944
    1.830000000 -168.276179329   16.202664422
    1.840000000 -168.072920009   22.075630126
    1.850000000 -167.811039856   27.587574587
    1.860000000 -167.499130619   32.730258987
    1.870000000 -167.137832304   37.129767754
    1.880000000 -166.736003527   40.754881053
    1.890000000 -166.299471960   43.961682523
    1.900000000 -165.834635061   46.267458501
    1.910000000 -165.351230723   47.432415521
    1.920000000 -164.863033622   47.611486054
    1.930000000 -164.376724161   46.966354197
    1.940000000 -163.903994723   45.952673098
    1.950000000 -163.436235737   45.459262913
    1.960000000 -162.967179163   46.583681931
    1.970000000 -162.475176744   49.577717492
    1.980000000 -161.941180685   54.814494249
    1.990000000 -161.344887093   62.063527483
    2.000000000 -160.671417220   70.483222215
    2.010000000 -159.911136330   78.848018091
    2.020000000 -159.073156552   86.129722918
    2.030000000 -158.166046480   91.474597424
    2.040000000 -157.222293859   95.372415715
    2.050000000 -156.245994808   96.926859919
    2.060000000 -155.261989102   96.937039014
    2.070000000 -154.282996626   96.238896834
    2.080000000 -153.312768080   95.391130365
    2.090000000 -152.345910830   95.423042126
    2.100000000 -151.368361426   97.343465266
    2.110000000 -150.363331702  101.886601419
    2.120000000 -149.300178568  109.142952770
    2.130000000 -148.148339988  118.691597856
    2.140000000 -146.894270639  129.925001515
    2.150000000 -145.521769704  141.813836735
    2.160000000 -144.034146819  152.464814632
    2.170000000 -142.449507883  161.377801225
    2.180000000 -140.785794978  167.856773382
    2.190000000 -139.070882661  171.752647792
    2.200000000 -137.325205880  173.571690626
    2.210000000 -135.575022495  174.210689826
    2.220000000 -133.820039258  174.807572643
    2.230000000 -132.052419478  176.096641617
    2.240000000 -130.263129048  179.091346981
    2.250000000 -128.431209368  184.011755094
    2.260000000 -126.540695539  191.497972056
    2.270000000 -124.568582862  200.337473261
    2.280000000 -122.506463896  210.028628642
    2.290000000 -120.343545028  220.098901134
    2.300000000 -118.080217600  229.919959128
    2.310000000 -115.714452635  239.365945224
    2.320000000 -113.259928133  248.738937754
    2.330000000 -110.711000523  258.104954580
    2.340000000 -108.068070798  267.440202452
    2.350000000 -105.330057079  276.382627342
    2.360000000 -102.506422628  284.755402379
    2.370000000  -99.604856460  292.051100079
    2.380000000  -96.637751809  297.978113085
    2.390000000  -93.616710302  302.640690317
    2.400000000  -90.551881445  307.089814764
    2.410000000  -87.437057260  312.745104510
    2.420000000  -84.252172503  321.838452118
    2.430000000  -80.950692436  336.353110182
    2.440000000  -77.470727764  358.201600648
    2.450000000  -73.730810521  387.872163991
    2.460000000  -69.655798127  424.960063428
    2.470000000  -65.182332895  467.197009611
    2.480000000  -60.276387371  510.613393395
    2.490000000  -54.951292562  550.314714890
    2.500000000  -49.273234455  581.056167586
    2.510000000  -43.352919772  597.604217850
    2.520000000  -37.354385391  596.951321455
    2.530000000  -31.451607477  577.067322556
    2.540000000  -25.839246080  539.516183073
    2.550000000  -20.682225365  487.251001178
    2.560000000  -16.105283610  424.584958332
    2.570000000  -12.187745532  356.874347028
    2.580000000   -8.947642466  288.745334684
    2.590000000   -6.371496171  225.233313585
    2.600000000   -4.396309035  169.266611049
    2.610000000   -2.935204533  122.387479011
    2.620000000   -1.894630671   85.113967694
    2.630000000   -1.184058882   57.114241735
    2.640000000   -0.711681658   36.642318125
    2.650000000   -0.408293679   22.282316638
    2.660000000   -0.226713509   13.100964099
    2.670000000   -0.118915764    7.231697692
    2.680000000   -0.059070410    3.771546331
    2.690000000   -0.023925984    1.575673073
    2.700000000   -0.008068610    0.544938492
    2.710000000   -0.001798803    0.123219278
    2.720000000   -0.000418383    0.029846474
    2.730000000   -0.000000000   -0.000000000
    2.740000000   -0.000000000   -0.000000000
    2.750000000   -0.000000000   -0.000000000
    2.760000000   -0.000000000   -0.000000000
    2.770000000   -0.000000000   -0.000000000
    2.780000000   -0.000000000   -0.000000000
    2.790000000   -0.000000000   -0.000000000
    2.800000000   -0.000000000   -0.000000000
    2.810000000   -0.000000000   -0.000000000
    2.820000000   -0.000000000   -0.000000000
    2.830000000   -0.000000000   -0.000000000
    2.840000000   -0.000000000   -0.000000000
    2.850000000   -0.000000000   -0.000000000
    2.860000000   -0.000000000   -0.000000000
    2.870000000   -0.000000000   -0.000000000
    2.880000000   -0.000000000   -0.000000000
    2.890000000   -0.000000000   -0.000000000
    2.900000000   -0.000000000   -0.000000000
    2.910000000   -0.000000000   -0.000000000
    2.920000000   -0.000000000   -0.000000000
    2.930000000   -0.000000000   -0.000000000
    2.940000000   -0.000000000   -0.000000000
    2.950000000   -0.000000000   -0.000000000
    2.960000000   -0.000000000   -0.000000000
    2.970000000   -0.000000000   -0.000000000
    2.980000000   -0.000000000   -0.000000000
    2.990000000   -0.000000000   -0.000000000
    3.000000000   -0.000000000   -0.000000000
