#! FIELDS cv1 file.free der_cv1
#! SET min_cv1 0
#! SET max_cv1 3.0
#! SET nbins_cv1  301
#! SET periodic_cv1 false
    0.000000000  -52.073369935 -863.668556911
    0.010000000  -60.641037223 -842.153426001
    0.020000000  -68.803799644 -783.407649451
    0.030000000  -76.220181966 -694.305151524
    0.040000000  -82.637965224 -585.432573005
    0.050000000  -87.918837911 -468.939870942
    0.060000000  -92.043174216 -356.295957830
    0.070000000  -95.100658117 -256.864814743
    0.080000000  -97.255609333 -176.438896476
    0.090000000  -98.712103288 -117.140167817
    0.100000000  -99.680533477  -78.077174546
    0.110000000 -100.344261294  -55.854541783
    0.120000000 -100.853815573  -46.454081680
    0.130000000 -101.314403655  -45.584207696
    0.140000000 -101.794864360  -49.745348894
    0.150000000 -102.329414521  -56.057031298
    0.160000000 -102.929574061  -62.536960639
    0.170000000 -103.586948345  -67.634103345
    0.180000000 -104.288124200  -70.780923909
    0.190000000 -105.005800204  -71.822133362
    0.200000000 -105.712908103  -70.631340293
    0.210000000 -106.392743264  -67.437425806
    0.220000000 -107.033170359  -62.370964886
    0.230000000 -107.620740677  -56.604221415
    0.240000000 -108.153129263  -50.690491265
    0.250000000 -108.627341510  -45.764493074
    0.260000000 -109.057472571  -41.190547666
    0.270000000 -109.443862279  -37.247822012
    0.280000000 -109.796690353  -34.018843936
    0.290000000 -110.116541293  -31.142320130
    0.300000000 -110.407188937  -28.664864073
    0.310000000 -110.680331036  -26.846315650
    0.320000000 -110.937483061  -25.779341167
    0.330000000 -111.187293142  -25.884794919
    0.340000000 -111.445116372  -26.675652812
    0.350000000 -111.716298503  -28.586624999
    0.360000000 -112.006565287  -30.857549656
    0.370000000 -112.319621835  -32.943167683
    0.380000000 -112.650641505  -34.319977830
    0.390000000 -112.991857880  -34.741178392
    0.400000000 -113.332735832  -34.218005889
    0.410000000 -113.660412451  -32.967682883
    0.420000000 -113.973782747  -31.430892015
    0.430000000 -114.273755444  -29.739819163
    0.440000000 -114.561391420  -28.535070042
    0.450000000 -114.836751730  -27.745605892
    0.460000000 -115.105544022  -27.144684624
    0.470000000 -115.363818838  -26.357852277
    0.480000000 -115.614028328  -24.572229730
    0.490000000 -115.837511477  -21.882271379
    0.500000000 -116.033673168  -18.296216890
    0.510000000 -116.192311636  -14.523905198
    0.520000000 -116.311216459  -10.782223570
    0.530000000 -116.394664799   -7.624980951
    0.540000000 -116.452138654   -5.046494290
    0.550000000 -116.489937387   -3.773589878
    0.560000000 -116.515990828   -3.301926130
    0.570000000 -116.540700553   -2.998548538
    0.580000000 -116.562790558   -3.062265969
    0.590000000 -116.585901514   -2.928597612
    0.600000000 -116.605364702   -2.761994483
    0.610000000 -116.624367607   -2.646816568
    0.620000000 -116.644270416   -2.677507830
    0.630000000 -116.662700962   -2.349934686
    0.640000000 -116.677965536   -1.241286678
    0.650000000 -116.675299357    0.274601283
    0.660000000 -116.652004452    3.160644695
    0.670000000 -116.596233101    7.019869278
    0.680000000 -116.495329122   11.144229394
    0.690000000 -116.352592643   15.672824303
    0.700000000 -116.167150750   19.288771890
    0.710000000 -115.957374117   21.186627158
    0.720000000 -115.737236577   20.570961252
    0.730000000 -115.538640809   17.505606940
    0.740000000 -115.381154245   12.297128058
    0.750000000 -115.282841004    5.538722471
    0.760000000 -115.254605270   -1.534605743
    0.770000000 -115.291787681   -7.635580407
    0.780000000 -115.382472380  -11.488472149
    0.790000000 -115.498203598  -12.737423628
    0.800000000 -115.613686938  -11.272651730
    0.810000000 -115.700111983   -7.407992114
    0.820000000 -115.739355732   -1.628294468
    0.830000000 -115.718520212    4.762222268
    0.840000000 -115.631020236   11.259751135
    0.850000000 -115.480456938   16.808434363
    0.860000000 -115.279801738   21.591139790
    0.870000000 -115.037996269   24.915996065
    0.880000000 -114.767128446   26.860448699
    0.890000000 -114.487136582   27.498827926
    0.900000000 -114.208316465   26.499096311
    0.910000000 -113.950064826   23.665457529
    0.920000000 -113.730451219   18.571822662
    0.930000000 -113.568070120   11.836474258
    0.940000000 -113.480672339    4.320108472
    0.950000000 -113.464651298   -2.799829730
    0.960000000 -113.513629118   -7.989270287
    0.970000000 -113.601169795   -9.870454391
    0.980000000 -113.686394648   -8.106198699
    0.990000000 -113.729753900   -2.377980871
    1.000000000 -113.701106954    6.658955610
    1.010000000 -113.575426424   17.154213789
    1.020000000 -113.348124201   26.802839184
    1.030000000 -113.035315834   33.981058615
    1.040000000 -112.668626891   36.956608842
    1.050000000 -112.293408645   35.644410606
    1.060000000 -111.952631032   30.884136870
    1.070000000 -111.668725179   24.048307931
    1.080000000 -111.456471430   16.481433111
    1.090000000 -111.318718850   10.049390950
    1.100000000 -111.233796893    5.461488145
    1.110000000 -111.186831562    3.077391420
    1.120000000 -111.155889123    2.128063294
    1.130000000 -111.127955160    2.028650347
    1.140000000 -111.100743642    1.849166894
    1.150000000 -111.076659675    1.328625747
    1.160000000 -111.061572910    0.485005479
    1.170000000 -111.055088494   -0.672076125
    1.180000000 -111.056865631   -1.240565285
    1.190000000 -111.060198710   -0.720703155
    1.200000000 -111.047233301    0.810155313
    1.210000000 -111.020302950    3.625410792
    1.220000000 -110.957967313    6.938429571
    1.230000000 -110.866072156   10.384175729
    1.240000000 -110.743359403   12.905524211
    1.250000000 -110.603170123   14.087995334
    1.260000000 -110.456524495   13.221241926
    1.270000000 -110.329362211   10.648541258
    1.280000000 -110.235947043    6.371088052
    1.290000000 -110.193694141    0.445912969
    1.300000000 -110.212907059   -6.190888998
    1.310000000 -110.298325632  -12.874391833
    1.320000000 -110.448968956  -18.333250288
    1.330000000 -110.650017937  -22.554932354
    1.340000000 -110.882714294  -24.748062851
    1.350000000 -111.126237679  -24.984950851
    1.360000000 -111.362742865  -23.514479421
    1.370000000 -111.578335552  -20.843202157
    1.380000000 -111.761852679  -17.348555846
    1.390000000 -111.909885803  -13.775665287
    1.400000000 -112.024734517  -10.289777499
    1.410000000 -112.104523797   -7.546972007
    1.420000000 -112.162324358   -5.816091681
    1.430000000 -112.208345031   -5.304332204
    1.440000000 -112.259465070   -5.934432980
    1.450000000 -112.324280462   -8.344509903
    1.460000000 -112.414877721  -11.575581082
    1.470000000 -112.540459190  -14.956458532
    1.480000000 -112.699975689  -17.968881736
    1.490000000 -112.883241016  -19.699540889
    1.500000000 -113.074484079  -19.371186889
    1.510000000 -113.253255438  -17.185867507
    1.520000000 -113.400668168  -13.027036350
    1.530000000 -113.497951813   -8.034432093
    1.540000000 -113.545227727   -3.131516518
    1.550000000 -113.545973128    0.908399596
    1.560000000 -113.517098676    3.239326689
    1.570000000 -113.477195823    3.591157480
    1.580000000 -113.439977381    1.409985363
    1.590000000 -113.435368205   -1.790908373
    1.600000000 -113.468916250   -6.088905926
    1.610000000 -113.546006322  -10.625115534
    1.620000000 -113.664644907  -14.686974081
    1.630000000 -113.817319640  -17.464919637
    1.640000000 -113.992115474  -18.729439220
    1.650000000 -114.174616485  -18.138136351
    1.660000000 -114.341258449  -16.199802311
    1.670000000 -114.476950451  -12.207843817
    1.680000000 -114.565182545   -7.011641540
    1.690000000 -114.598700715   -0.926606029
    1.700000000 -114.567600268    4.946692384
    1.710000000 -114.482109332   10.341473857
    1.720000000 -114.351414291   14.279423588
    1.730000000 -114.190215522   16.442687394
    1.740000000 -114.015974211   16.791476077
    1.750000000 -113.843731767   15.876290605
    1.760000000 -113.685072275   14.142801050
    1.770000000 -113.542250544   12.733406084
    1.780000000 -113.410620750   12.378832308
    1.790000000 -113.277902289   13.013060402
    1.800000000 -113.132553472   14.666796555
    1.810000000 -112.965734926   16.931818724
    1.820000000 -112.776007147   19.092182048
    1.830000000 -112.571722831   20.691704813
    1.840000000 -112.352421941   21.473724141
    1.850000000 -112.128302244   21.363030055
    1.860000000 -111.910004225   20.917700458
    1.870000000 -111.694291262   20.862822615
    1.880000000 -111.473606191   21.498657495
    1.890000000 -111.238920318   23.866702908
    1.900000000 -110.974650820   27.582597741
    1.910000000 -110.666216600   32.050908979
    1.920000000 -110.314278367   36.764282347
    1.930000000 -109.915396560   41.036305964
    1.940000000 -109.480597552   44.412292046
    1.950000000 -109.013378988   47.276538609
    1.960000000 -108.518921571   50.317726002
    1.970000000 -107.987641565   54.082822677
    1.980000000 -107.410642241   59.770809763
    1.990000000 -106.765130913   67.675253643
    2.000000000 -106.030657917   78.060958083
    2.010000000 -105.182750643   89.829878795
    2.020000000 -104.213161090  101.926414546
    2.030000000 -103.123524438  113.272634131
    2.040000000 -101.932971743  123.131160677
    2.050000000 -100.656021540  130.203919104
    2.060000000  -99.322282403  134.183238818
    2.070000000  -97.962136940  135.804380080
    2.080000000  -96.595027498  135.634373869
    2.090000000  -95.232314721  134.675317085
    2.100000000  -93.877112362  134.210597215
    2.110000000  -92.520593652  135.357950683
    2.120000000  -91.145585487  138.407540042
    2.130000000  -89.728604457  143.002436912
    2.140000000  -88.261984714  148.565374005
    2.150000000  -86.738668637  154.154861110
    2.160000000  -85.164908034  158.063897874
    2.170000000  -83.562181984  159.977603090
    2.180000000  -81.950502365  159.902251583
    2.190000000  -80.347784601  157.867641800
    2.200000000  -78.766655799  155.396788140
    2.210000000  -77.211596235  154.305065794
    2.220000000  -75.654732178  156.042263485
    2.230000000  -74.058206638  161.508544014
    2.240000000  -72.385687480  171.559981099
    2.250000000  -70.587582830  185.644732739
    2.260000000  -68.636443419  203.190874655
    2.270000000  -66.500216231  222.000354714
    2.280000000  -64.177536453  240.703098668
    2.290000000  -61.672828061  257.676183083
    2.300000000  -59.010017432  272.392188998
    2.310000000  -56.209857723  284.451351921
    2.320000000  -53.302045314  294.642083471
    2.330000000  -50.301327726  303.186624708
    2.340000000  -47.222007210  310.604986186
    2.350000000  -44.072042503  316.942270572
    2.360000000  -40.864387521  322.238706186
    2.370000000  -37.612412417  326.015261034
    2.380000000  -34.333930249  327.478108491
    2.390000000  -31.055145792  325.914709101
    2.400000000  -27.809517666  320.810719735
    2.410000000  -24.633790181  311.784207883
    2.420000000  -21.568596751  298.859206532
    2.430000000  -18.650446647  282.085345927
    2.440000000  -15.917913137  262.144897543
    2.450000000  -13.399158615  239.570252012
    2.460000000  -11.115659604  215.087740183
    2.470000000   -9.082507562  189.653897382
    2.480000000   -7.306283074  164.272583119
    2.490000000   -5.780113659  139.535730756
    2.500000000   -4.497588190  116.484776534
    2.510000000   -3.434605450   95.168015289
    2.520000000   -2.574868434   76.315812098
    2.530000000   -1.888636368   59.695679824
    2.540000000   -1.356134138   45.713519480
    2.550000000   -0.954177206   34.392675958
    2.560000000   -0.653937346   25.145915735
    2.570000000   -0.437663104   17.978735595
    2.580000000   -0.282202377   12.290089956
    2.590000000   -0.177692837    8.232957888
    2.600000000   -0.108528447    5.345172469
    2.610000000   -0.062509843    3.234710134
    2.620000000   -0.035373777    1.936677706
    2.630000000   -0.019349801    1.120040018
    2.640000000   -0.010441671    0.641635220
    2.650000000   -0.004979181    0.320794930
    2.660000000   -0.002287326    0.154939482
    2.670000000   -0.000536606    0.037595737
    2.680000000   -0.000000000   -0.000000000
    2.690000000   -0.000000000   -0.000000000
    2.700000000   -0.000000000   -0.000000000
    2.710000000   -0.000000000   -0.000000000
    2.720000000   -0.000000000   -0.000000000
    2.730000000   -0.000000000   -0.000000000
    2.740000000   -0.000000000   -0.000000000
    2.750000000   -0.000000000   -0.000000000
    2.760000000   -0.000000000   -0.000000000
    2.770000000   -0.000000000   -0.000000000
    2.780000000   -0.000000000   -0.000000000
    2.790000000   -0.000000000   -0.000000000
    2.800000000   -0.000000000   -0.000000000
    2.810000000   -0.000000000   -0.000000000
    2.820000000   -0.000000000   -0.000000000
    2.830000000   -0.000000000   -0.000000000
    2.840000000   -0.000000000   -0.000000000
    2.850000000   -0.000000000   -0.000000000
    2.860000000   -0.000000000   -0.000000000
    2.870000000   -0.000000000   -0.000000000
    2.880000000   -0.000000000   -0.000000000
    2.890000000   -0.000000000   -0.000000000
    2.900000000   -0.000000000   -0.000000000
    2.910000000   -0.000000000   -0.000000000
    2.920000000   -0.000000000   -0.000000000
    2.930000000   -0.000000000   -0.000000000
    2.940000000   -0.000000000   -0.000000000
    2.950000000   -0.000000000   -0.000000000
    2.960000000   -0.000000000   -0.000000000
    2.970000000   -0.000000000   -0.000000000
    2.980000000   -0.000000000   -0.000000000
    2.990000000   -0.000000000   -0.000000000
    3.000000000   -0.000000000   -0.000000000
