#! FIELDS cv1 file.free der_cv1
#! SET min_cv1 0
#! SET max_cv1 3.0
#! SET nbins_cv1  301
#! SET periodic_cv1 false
    0.000000000  -15.466390041 -319.073226702
    0.010000000  -18.771765230 -339.917808370
    0.020000000  -22.233478250 -349.830785451
    0.030000000  -25.733931695 -347.770651184
    0.040000000  -29.156965150 -334.209239532
    0.050000000  -32.392938874 -310.543923799
    0.060000000  -35.348610577 -278.866120686
    0.070000000  -37.959392379 -242.027924266
    0.080000000  -40.187002636 -202.867635387
    0.090000000  -42.022855264 -164.162423222
    0.100000000  -43.486004196 -128.448225829
    0.110000000  -44.614312956  -97.541524993
    0.120000000  -45.464735046  -72.888682800
    0.130000000  -46.101326349  -55.053470280
    0.140000000  -46.595850700  -44.225556926
    0.150000000  -47.013993068  -39.680095264
    0.160000000  -47.413066857  -40.166946464
    0.170000000  -47.833786009  -43.864142699
    0.180000000  -48.302170125  -49.040831280
    0.190000000  -48.820402807  -53.806367429
    0.200000000  -49.375678217  -56.733601934
    0.210000000  -49.948071877  -57.247491265
    0.220000000  -50.511473252  -55.330573900
    0.230000000  -51.045992522  -51.810577318
    0.240000000  -51.543101477  -47.680685569
    0.250000000  -51.998888589  -44.449151056
    0.260000000  -52.429916516  -42.156766476
    0.270000000  -52.844845311  -41.342267403
    0.280000000  -53.258724421  -41.822075775
    0.290000000  -53.678283209  -42.768885120
    0.300000000  -54.104577933  -43.142221350
    0.310000000  -54.533705344  -42.478241840
    0.320000000  -54.946534886  -40.452208430
    0.330000000  -55.332813713  -37.410116048
    0.340000000  -55.687611382  -33.459113078
    0.350000000  -56.002589255  -29.923753393
    0.360000000  -56.285059923  -27.250824326
    0.370000000  -56.546633453  -25.904810159
    0.380000000  -56.803010433  -25.747661759
    0.390000000  -57.063086414  -26.895188075
    0.400000000  -57.340002910  -28.522412172
    0.410000000  -57.630421294  -30.413618307
    0.420000000  -57.937921163  -31.999407827
    0.430000000  -58.259867092  -32.920766449
    0.440000000  -58.589113661  -33.272030980
    0.450000000  -58.917977378  -32.951448833
    0.460000000  -59.242535940  -32.219925096
    0.470000000  -59.555366472  -31.044161909
    0.480000000  -59.856222555  -29.344945498
    0.490000000  -60.134935289  -27.247978928
    0.500000000  -60.391947532  -24.561808138
    0.510000000  -60.621297105  -21.768997135
    0.520000000  -60.819076964  -18.470054160
    0.530000000  -60.980845537  -14.615240106
    0.540000000  -61.102209394   -9.996391402
    0.550000000  -61.175278794   -5.043169299
    0.560000000  -61.192984575    0.652405821
    0.570000000  -61.152907723    6.800511859
    0.580000000  -61.052453218   12.334120995
    0.590000000  -60.902982189   16.773497826
    0.600000000  -60.718796891   18.899996481
    0.610000000  -60.527461953   17.839163816
    0.620000000  -60.363218108   13.606334179
    0.630000000  -60.254880464    6.965336994
    0.640000000  -60.221920279   -0.813968150
    0.650000000  -60.266506437   -8.570493284
    0.660000000  -60.379691522  -14.280120266
    0.670000000  -60.534910249  -16.706727677
    0.680000000  -60.693207945  -15.640736457
    0.690000000  -60.821849747  -10.449361116
    0.700000000  -60.883158342   -2.571138168
    0.710000000  -60.860584817    6.690727705
    0.720000000  -60.744180933   15.658942996
    0.730000000  -60.546459414   22.947255231
    0.740000000  -60.287339670   27.656097024
    0.750000000  -59.995065172   29.252162582
    0.760000000  -59.701984070   27.905980361
    0.770000000  -59.432345122   24.215992219
    0.780000000  -59.209775502   19.123362457
    0.790000000  -59.043533402   13.146335042
    0.800000000  -58.939366290    6.955880403
    0.810000000  -58.894878043    1.246704168
    0.820000000  -58.904329601   -3.373505529
    0.830000000  -58.954165019   -6.730104135
    0.840000000  -59.026691491   -7.868960133
    0.850000000  -59.097327103   -6.658481984
    0.860000000  -59.140296742   -2.387283212
    0.870000000  -59.126824505    4.797646085
    0.880000000  -59.025654963   14.088610216
    0.890000000  -58.827297990   24.787000568
    0.900000000  -58.522198498   35.114874914
    0.910000000  -58.126192344   43.074567864
    0.920000000  -57.667095102   46.933839841
    0.930000000  -57.194451480   46.056958164
    0.940000000  -56.755025798   40.574160851
    0.950000000  -56.387103636   31.544049268
    0.960000000  -56.120791856   20.990870280
    0.970000000  -55.959977289   11.140804743
    0.980000000  -55.884036629    3.650581131
    0.990000000  -55.861590901    0.083510631
    1.000000000  -55.856933816    0.547416440
    1.010000000  -55.832778302    4.049589313
    1.020000000  -55.768122535    8.316508641
    1.030000000  -55.663926100   11.589859583
    1.040000000  -55.540225443   11.919394603
    1.050000000  -55.428800547    8.573402002
    1.060000000  -55.370608677    2.096644933
    1.070000000  -55.385785304   -6.307142332
    1.080000000  -55.485174830  -14.843286621
    1.090000000  -55.664673560  -21.232825082
    1.100000000  -55.889486426  -24.165892088
    1.110000000  -56.125952437  -22.944940706
    1.120000000  -56.332395257  -18.262020334
    1.130000000  -56.477606342  -11.187941306
    1.140000000  -56.545820579   -3.148298230
    1.150000000  -56.537322614    4.287434789
    1.160000000  -56.461759119   10.062838057
    1.170000000  -56.338129140   13.452135480
    1.180000000  -56.192258323   14.622789395
    1.190000000  -56.045416752   13.751625053
    1.200000000  -55.911058233   11.198241839
    1.210000000  -55.813409791    7.709636623
    1.220000000  -55.751310871    3.590426342
    1.230000000  -55.733448850   -0.472984747
    1.240000000  -55.754802458   -4.181729051
    1.250000000  -55.811452830   -7.127190664
    1.260000000  -55.891598791   -9.311662979
    1.270000000  -55.988520212  -10.167374135
    1.280000000  -56.086054411  -10.076166585
    1.290000000  -56.179653789   -9.268005773
    1.300000000  -56.260146081   -8.135107819
    1.310000000  -56.328752059   -6.789850335
    1.320000000  -56.386298273   -5.341209783
    1.330000000  -56.432375222   -4.336757382
    1.340000000  -56.467535618   -3.390214463
    1.350000000  -56.494836849   -2.664337660
    1.360000000  -56.515106394   -1.825782982
    1.370000000  -56.525245934   -1.058300790
    1.380000000  -56.528820334   -0.107538206
    1.390000000  -56.522441735    0.547057341
    1.400000000  -56.512075393    0.905072298
    1.410000000  -56.499541899    0.502383843
    1.420000000  -56.497278642   -1.045621279
    1.430000000  -56.519655093   -4.341669441
    1.440000000  -56.584509532   -9.306396442
    1.450000000  -56.708299499  -16.280674953
    1.460000000  -56.904149611  -24.319760597
    1.470000000  -57.184089005  -32.300334548
    1.480000000  -57.540586385  -39.164323262
    1.490000000  -57.954153773  -43.599573901
    1.500000000  -58.394132240  -44.378379869
    1.510000000  -58.821967517  -40.877513057
    1.520000000  -59.192854645  -33.317406075
    1.530000000  -59.470270948  -22.582263778
    1.540000000  -59.631075003  -10.015351066
    1.550000000  -59.661333048    2.654443728
    1.560000000  -59.574441768   13.650133557
    1.570000000  -59.394107291   21.638873780
    1.580000000  -59.149289391   25.335953371
    1.590000000  -58.889903209   25.318311650
    1.600000000  -58.649658936   21.702719984
    1.610000000  -58.458954983   15.565378364
    1.620000000  -58.335144248    8.292719430
    1.630000000  -58.282701966    1.270556590
    1.640000000  -58.295725725   -4.256518366
    1.650000000  -58.356187304   -7.554558545
    1.660000000  -58.437204655   -8.698422432
    1.670000000  -58.515562872   -7.434073085
    1.680000000  -58.570965376   -4.478842530
    1.690000000  -58.594472280   -0.746400141
    1.700000000  -58.577094135    2.803083043
    1.710000000  -58.530478837    5.682393613
    1.720000000  -58.460533468    6.937194821
    1.730000000  -58.387264903    6.675426627
    1.740000000  -58.325816062    4.897388955
    1.750000000  -58.284155360    2.248579213
    1.760000000  -58.270778674   -0.498235953
    1.770000000  -58.279946417   -2.153671204
    1.780000000  -58.298785784   -1.791656509
    1.790000000  -58.304609753    0.703480981
    1.800000000  -58.270590394    5.355143959
    1.810000000  -58.180833614   11.976019175
    1.820000000  -58.019685151   19.304650398
    1.830000000  -57.788745102   26.418661004
    1.840000000  -57.489244975   32.120089932
    1.850000000  -57.144204489   35.565037056
    1.860000000  -56.777052694   36.519882124
    1.870000000  -56.412354029   35.160046328
    1.880000000  -56.071465565   31.901165875
    1.890000000  -55.767190184   27.881153343
    1.900000000  -55.505454776   23.708974964
    1.910000000  -55.278787249   20.426052784
    1.920000000  -55.080288197   18.849272729
    1.930000000  -54.887611906   19.148047234
    1.940000000  -54.682251814   21.515817196
    1.950000000  -54.439813850   26.418460424
    1.960000000  -54.136950483   33.597444763
    1.970000000  -53.751209614   42.678216197
    1.980000000  -53.267927730   53.177551927
    1.990000000  -52.674887214   64.345634211
    2.000000000  -51.970684811   75.392329929
    2.010000000  -51.160636297   85.098718532
    2.020000000  -50.262137491   92.786430085
    2.030000000  -49.298207019   98.053965277
    2.040000000  -48.295930399  101.136631276
    2.050000000  -47.275036517  102.100416212
    2.060000000  -46.248535296  101.582712861
    2.070000000  -45.230072450  101.186069600
    2.080000000  -44.211744509  101.547655151
    2.090000000  -43.181296059  103.735596786
    2.100000000  -42.116763823  108.284516357
    2.110000000  -40.993218786  115.392062924
    2.120000000  -39.788001285  125.096977830
    2.130000000  -38.474800591  136.440886752
    2.140000000  -37.043377536  148.825171895
    2.150000000  -35.488046969  161.085657190
    2.160000000  -33.812141586  171.933326468
    2.170000000  -32.038693770  180.930745058
    2.180000000  -30.190025658  187.151844650
    2.190000000  -28.293967880  190.095635346
    2.200000000  -26.383579743  189.817248743
    2.210000000  -24.493382695  186.941704233
    2.220000000  -22.643254697  181.763016628
    2.230000000  -20.852605796  175.146842127
    2.240000000  -19.131929117  167.939843086
    2.250000000  -17.481464312  160.676480507
    2.260000000  -15.903980967  154.264214430
    2.270000000  -14.384757488  148.279722036
    2.280000000  -12.924666979  143.127465655
    2.290000000  -11.514327251  138.051574504
    2.300000000  -10.155253810  132.620060276
    2.310000000   -8.852397174  126.274073028
    2.320000000   -7.620524460  118.976247442
    2.330000000   -6.469204951  110.311949008
    2.340000000   -5.411331740  100.324958954
    2.350000000   -4.457827844   89.287678613
    2.360000000   -3.617601264   77.777959670
    2.370000000   -2.894003195   66.404175030
    2.380000000   -2.281785477   55.493964713
    2.390000000   -1.774571845   45.511119783
    2.400000000   -1.361772259   36.700176033
    2.410000000   -1.031417285   29.180403493
    2.420000000   -0.769419429   22.815256905
    2.430000000   -0.565884269   17.643997455
    2.440000000   -0.409837426   13.500189247
    2.450000000   -0.290185939   10.088530794
    2.460000000   -0.201753823    7.449498539
    2.470000000   -0.136749975    5.367777196
    2.480000000   -0.089788633    3.737146054
    2.490000000   -0.057001139    2.512253658
    2.500000000   -0.035558583    1.673328188
    2.510000000   -0.021598393    1.087229070
    2.520000000   -0.012614994    0.676518613
    2.530000000   -0.007019711    0.398768693
    2.540000000   -0.003901670    0.236668312
    2.550000000   -0.001783772    0.112401713
    2.560000000   -0.000931085    0.062395253
    2.570000000   -0.000466947    0.033159526
    2.580000000   -0.000000000   -0.000000000
    2.590000000   -0.000000000   -0.000000000
    2.600000000   -0.000000000   -0.000000000
    2.610000000   -0.000000000   -0.000000000
    2.620000000   -0.000000000   -0.000000000
    2.630000000   -0.000000000   -0.000000000
    2.640000000   -0.000000000   -0.000000000
    2.650000000   -0.000000000   -0.000000000
    2.660000000   -0.000000000   -0.000000000
    2.670000000   -0.000000000   -0.000000000
    2.680000000   -0.000000000   -0.000000000
    2.690000000   -0.000000000   -0.000000000
    2.700000000   -0.000000000   -0.000000000
    2.710000000   -0.000000000   -0.000000000
    2.720000000   -0.000000000   -0.000000000
    2.730000000   -0.000000000   -0.000000000
    2.740000000   -0.000000000   -0.000000000
    2.750000000   -0.000000000   -0.000000000
    2.760000000   -0.000000000   -0.000000000
    2.770000000   -0.000000000   -0.000000000
    2.780000000   -0.000000000   -0.000000000
    2.790000000   -0.000000000   -0.000000000
    2.800000000   -0.000000000   -0.000000000
    2.810000000   -0.000000000   -0.000000000
    2.820000000   -0.000000000   -0.000000000
    2.830000000   -0.000000000   -0.000000000
    2.840000000   -0.000000000   -0.000000000
    2.850000000   -0.000000000   -0.000000000
    2.860000000   -0.000000000   -0.000000000
    2.870000000   -0.000000000   -0.000000000
    2.880000000   -0.000000000   -0.000000000
    2.890000000   -0.000000000   -0.000000000
    2.900000000   -0.000000000   -0.000000000
    2.910000000   -0.000000000   -0.000000000
    2.920000000   -0.000000000   -0.000000000
    2.930000000   -0.000000000   -0.000000000
    2.940000000   -0.000000000   -0.000000000
    2.950000000   -0.000000000   -0.000000000
    2.960000000   -0.000000000   -0.000000000
    2.970000000   -0.000000000   -0.000000000
    2.980000000   -0.000000000   -0.000000000
    2.990000000   -0.000000000   -0.000000000
    3.000000000   -0.000000000   -0.000000000
