#! FIELDS cv1 file.free der_cv1
#! SET min_cv1 0
#! SET max_cv1 3.0
#! SET nbins_cv1  301
#! SET periodic_cv1 false
    0.000000000   -3.590590501 -100.981617460
    0.010000000   -4.698129275 -120.302962507
    0.020000000   -5.997373304 -139.054503450
    0.030000000   -7.475819000 -155.946142672
    0.040000000   -9.109507114 -169.779125960
    0.050000000  -10.861694962 -179.424606970
    0.060000000  -12.683824255 -183.888651179
    0.070000000  -14.523141144 -182.753516387
    0.080000000  -16.323574610 -176.008550446
    0.090000000  -18.028883317 -163.967555569
    0.100000000  -19.591349171 -147.558197902
    0.110000000  -20.973219547 -128.037777938
    0.120000000  -22.150446730 -106.908738175
    0.130000000  -23.114736386  -85.767493142
    0.140000000  -23.875798725  -66.282510626
    0.150000000  -24.454519436  -49.622280945
    0.160000000  -24.884544921  -36.694784405
    0.170000000  -25.205312875  -27.879547717
    0.180000000  -25.460046734  -23.242409896
    0.190000000  -25.687097153  -22.292406593
    0.200000000  -25.919716935  -24.328979115
    0.210000000  -26.184463112  -28.634869457
    0.220000000  -26.498594995  -34.400275729
    0.230000000  -26.876095654  -40.890655464
    0.240000000  -27.319123374  -47.546120492
    0.250000000  -27.826019243  -53.893475755
    0.260000000  -28.392345774  -59.007397798
    0.270000000  -29.000573064  -62.359842980
    0.280000000  -29.632842913  -63.556900522
    0.290000000  -30.261697293  -62.095453865
    0.300000000  -30.860234227  -57.601295673
    0.310000000  -31.403607525  -50.463190879
    0.320000000  -31.861311443  -41.131265577
    0.330000000  -32.217151143  -30.550045424
    0.340000000  -32.467634270  -19.416723914
    0.350000000  -32.609765832   -9.574819164
    0.360000000  -32.661955826   -1.596631634
    0.370000000  -32.648810411    3.398434803
    0.380000000  -32.602905252    5.145357301
    0.390000000  -32.555479236    3.619441828
    0.400000000  -32.538602712   -0.585280746
    0.410000000  -32.572081252   -6.777420869
    0.420000000  -32.672481934  -13.762376533
    0.430000000  -32.843533329  -20.384300804
    0.440000000  -33.074999393  -25.682296663
    0.450000000  -33.345917877  -28.705173128
    0.460000000  -33.635832694  -28.903540847
    0.470000000  -33.910411509  -26.004507558
    0.480000000  -34.143311528  -20.500324835
    0.490000000  -34.309517389  -13.066474725
    0.500000000  -34.396866364   -4.680863254
    0.510000000  -34.400126772    3.282349742
    0.520000000  -34.327820527   10.350961278
    0.530000000  -34.193213754   15.815695231
    0.540000000  -34.013353191   19.588115065
    0.550000000  -33.804164072   21.778627525
    0.560000000  -33.575622240   23.080940354
    0.570000000  -33.336497185   24.228728829
    0.580000000  -33.086577189   25.198426284
    0.590000000  -32.829030844   26.196967272
    0.600000000  -32.561803211   26.657259168
    0.610000000  -32.295478731   26.028273057
    0.620000000  -32.042653330   23.876488950
    0.630000000  -31.818040178   20.218584343
    0.640000000  -31.638985390   15.281779577
    0.650000000  -31.512907734    9.286033047
    0.660000000  -31.447210737    3.497692827
    0.670000000  -31.436293864   -1.379476726
    0.680000000  -31.463382949   -4.961205165
    0.690000000  -31.517509201   -6.287878593
    0.700000000  -31.574688956   -5.693418256
    0.710000000  -31.620512250   -3.532681952
    0.720000000  -31.638681184   -0.479553859
    0.730000000  -31.624688720    3.206755994
    0.740000000  -31.571889140    6.913543547
    0.750000000  -31.480912808   10.562468017
    0.760000000  -31.352605443   14.547251290
    0.770000000  -31.181310841   18.948241367
    0.780000000  -30.965591038   23.850694679
    0.790000000  -30.698573752   29.187005470
    0.800000000  -30.377651590   34.487324934
    0.810000000  -30.005132155   39.393832695
    0.820000000  -29.590430115   43.225450181
    0.830000000  -29.143002125   45.280798482
    0.840000000  -28.686639232   45.682515098
    0.850000000  -28.233863235   44.237374318
    0.860000000  -27.801014491   41.534093255
    0.870000000  -27.401145087   38.000659271
    0.880000000  -27.035361133   34.014170596
    0.890000000  -26.713135604   30.044511930
    0.900000000  -26.430470964   25.997535157
    0.910000000  -26.190216794   21.773032055
    0.920000000  -25.992605700   17.165293390
    0.930000000  -25.842611154   12.359524276
    0.940000000  -25.741042059    7.781319268
    0.950000000  -25.681192519    3.795935336
    0.960000000  -25.655080233    1.140411537
    0.970000000  -25.647880110    0.510025627
    0.980000000  -25.634712455    1.623661279
    0.990000000  -25.600646014    4.481727751
    1.000000000  -25.533909839    8.395064634
    1.010000000  -25.429292146   12.029549626
    1.020000000  -25.294556681   14.254300895
    1.030000000  -25.148439672   14.422634975
    1.040000000  -25.011993140   12.180149245
    1.050000000  -24.905819817    8.136060756
    1.060000000  -24.846838632    3.368650637
    1.070000000  -24.834747879   -0.993259663
    1.080000000  -24.857181743   -3.766212006
    1.090000000  -24.896464669   -4.071728376
    1.100000000  -24.925548061   -1.673828867
    1.110000000  -24.919215541    3.006990280
    1.120000000  -24.859042847    8.842929342
    1.130000000  -24.738500878   15.120503067
    1.140000000  -24.557870278   20.675426767
    1.150000000  -24.328058260   24.561594255
    1.160000000  -24.069016924   26.622705254
    1.170000000  -23.798537298   26.538478223
    1.180000000  -23.540468232   24.496921685
    1.190000000  -23.311574119   20.567376269
    1.200000000  -23.129115699   15.264296377
    1.210000000  -23.007691019    8.606463036
    1.220000000  -22.954633923    1.471214362
    1.230000000  -22.974599095   -5.561225051
    1.240000000  -23.061721824  -11.910020338
    1.250000000  -23.207464629  -16.748993947
    1.260000000  -23.391254946  -19.932805994
    1.270000000  -23.597120426  -21.006163093
    1.280000000  -23.801150311  -20.162671437
    1.290000000  -23.990420218  -18.005403361
    1.300000000  -24.155060429  -15.338471290
    1.310000000  -24.293416638  -12.848600348
    1.320000000  -24.411435099  -11.117345848
    1.330000000  -24.519408810  -10.747783722
    1.340000000  -24.628258351  -11.429919374
    1.350000000  -24.749333107  -13.130376017
    1.360000000  -24.889107102  -15.233141114
    1.370000000  -25.050822281  -17.341229588
    1.380000000  -25.233285186  -19.165233083
    1.390000000  -25.430796456  -20.496939580
    1.400000000  -25.638829723  -21.314655099
    1.410000000  -25.852446732  -21.714686823
    1.420000000  -26.070466641  -21.996441371
    1.430000000  -26.294116618  -22.818425183
    1.440000000  -26.527452121  -24.252744614
    1.450000000  -26.779353816  -26.374874619
    1.460000000  -27.052980547  -28.835644636
    1.470000000  -27.351669956  -31.085114594
    1.480000000  -27.669988183  -32.434405060
    1.490000000  -27.992367698  -32.163114378
    1.500000000  -28.301877610  -29.655745386
    1.510000000  -28.575301048  -24.730433653
    1.520000000  -28.788378576  -17.830122842
    1.530000000  -28.926103790   -9.784930996
    1.540000000  -28.982476812   -1.644680324
    1.550000000  -28.959147964    5.372202392
    1.560000000  -28.876752872   10.421094786
    1.570000000  -28.757836165   13.000912660
    1.580000000  -28.623722791   12.705458127
    1.590000000  -28.505971738   10.468710363
    1.600000000  -28.418692267    6.700387097
    1.610000000  -28.371440619    2.350080672
    1.620000000  -28.365860842   -1.692655387
    1.630000000  -28.396425910   -4.770956012
    1.640000000  -28.450752478   -6.479841874
    1.650000000  -28.518352641   -6.655853252
    1.660000000  -28.581497102   -5.804182568
    1.670000000  -28.629177040   -4.066411671
    1.680000000  -28.656093113   -1.620421848
    1.690000000  -28.656946630    1.291765686
    1.700000000  -28.624712074    4.361426585
    1.710000000  -28.561421668    8.064634348
    1.720000000  -28.457144878   12.054316115
    1.730000000  -28.313625290   16.370499082
    1.740000000  -28.128829844   20.410758726
    1.750000000  -27.904186065   23.782764064
    1.760000000  -27.651052441   26.041062250
    1.770000000  -27.382393870   26.879270951
    1.780000000  -27.113685615   26.162648208
    1.790000000  -26.862331440   23.865736459
    1.800000000  -26.637754202   20.186734241
    1.810000000  -26.453274076   16.080794737
    1.820000000  -26.309899407   12.176617477
    1.830000000  -26.202479361    9.345230403
    1.840000000  -26.112972490    8.241017362
    1.850000000  -26.024541886    9.265534636
    1.860000000  -25.915944583   12.636016850
    1.870000000  -25.761747078   17.995223673
    1.880000000  -25.546799615   24.846780956
    1.890000000  -25.256680517   32.676907926
    1.900000000  -24.888228076   40.464348107
    1.910000000  -24.444053129   47.399262072
    1.920000000  -23.938953317   52.790840875
    1.930000000  -23.390360187   55.931553018
    1.940000000  -22.821481501   56.751450338
    1.950000000  -22.255780311   55.460346097
    1.960000000  -21.711993794   52.499055319
    1.970000000  -21.203034576   48.553279286
    1.980000000  -20.735050230   44.744287160
    1.990000000  -20.299525106   42.017863330
    2.000000000  -19.881931908   41.294674019
    2.010000000  -19.459178845   43.199971631
    2.020000000  -19.002839046   47.832162426
    2.030000000  -18.486311064   55.080259065
    2.040000000  -17.887954355   64.484848103
    2.050000000  -17.188545707   75.011161713
    2.060000000  -16.381115136   85.651194638
    2.070000000  -15.469570937   95.657290612
    2.080000000  -14.464642166  104.225633323
    2.090000000  -13.384979858  110.870899799
    2.100000000  -12.250752674  115.100850070
    2.110000000  -11.085650740  116.682301601
    2.120000000   -9.918480508  115.835312551
    2.130000000   -8.771968538  112.476911723
    2.140000000   -7.670904922  106.875706439
    2.150000000   -6.636937549   99.362223141
    2.160000000   -5.684584334   90.138213992
    2.170000000   -4.831098449   80.072684330
    2.180000000   -4.081030810   69.639150482
    2.190000000   -3.433465098   59.380833327
    2.200000000   -2.883862728   49.942415337
    2.210000000   -2.424507524   41.937259756
    2.220000000   -2.037786249   35.259459578
    2.230000000   -1.710243101   29.938759751
    2.240000000   -1.430094487   25.860870258
    2.250000000   -1.184253637   22.517498059
    2.260000000   -0.971314245   19.989880212
    2.270000000   -0.781641944   17.594094234
    2.280000000   -0.616575662   15.361302666
    2.290000000   -0.473467923   13.054512022
    2.300000000   -0.352137960   10.683758458
    2.310000000   -0.254875978    8.529883349
    2.320000000   -0.178753712    6.579029960
    2.330000000   -0.121534090    4.906139956
    2.340000000   -0.079115310    3.462651633
    2.350000000   -0.049750152    2.351950643
    2.360000000   -0.030424661    1.554044111
    2.370000000   -0.017910941    0.983159209
    2.380000000   -0.010149157    0.595900085
    2.390000000   -0.005323144    0.330249754
    2.400000000   -0.002427691    0.157710152
    2.410000000   -0.000858111    0.057917727
    2.420000000   -0.000428285    0.030620004
    2.430000000   -0.000000000   -0.000000000
    2.440000000   -0.000000000   -0.000000000
    2.450000000   -0.000000000   -0.000000000
    2.460000000   -0.000000000   -0.000000000
    2.470000000   -0.000000000   -0.000000000
    2.480000000   -0.000000000   -0.000000000
    2.490000000   -0.000000000   -0.000000000
    2.500000000   -0.000000000   -0.000000000
    2.510000000   -0.000000000   -0.000000000
    2.520000000   -0.000000000   -0.000000000
    2.530000000   -0.000000000   -0.000000000
    2.540000000   -0.000000000   -0.000000000
    2.550000000   -0.000000000   -0.000000000
    2.560000000   -0.000000000   -0.000000000
    2.570000000   -0.000000000   -0.000000000
    2.580000000   -0.000000000   -0.000000000
    2.590000000   -0.000000000   -0.000000000
    2.600000000   -0.000000000   -0.000000000
    2.610000000   -0.000000000   -0.000000000
    2.620000000   -0.000000000   -0.000000000
    2.630000000   -0.000000000   -0.000000000
    2.640000000   -0.000000000   -0.000000000
    2.650000000   -0.000000000   -0.000000000
    2.660000000   -0.000000000   -0.000000000
    2.670000000   -0.000000000   -0.000000000
    2.680000000   -0.000000000   -0.000000000
    2.690000000   -0.000000000   -0.000000000
    2.700000000   -0.000000000   -0.000000000
    2.710000000   -0.000000000   -0.000000000
    2.720000000   -0.000000000   -0.000000000
    2.730000000   -0.000000000   -0.000000000
    2.740000000   -0.000000000   -0.000000000
    2.750000000   -0.000000000   -0.000000000
    2.760000000   -0.000000000   -0.000000000
    2.770000000   -0.000000000   -0.000000000
    2.780000000   -0.000000000   -0.000000000
    2.790000000   -0.000000000   -0.000000000
    2.800000000   -0.000000000   -0.000000000
    2.810000000   -0.000000000   -0.000000000
    2.820000000   -0.000000000   -0.000000000
    2.830000000   -0.000000000   -0.000000000
    2.840000000   -0.000000000   -0.000000000
    2.850000000   -0.000000000   -0.000000000
    2.860000000   -0.000000000   -0.000000000
    2.870000000   -0.000000000   -0.000000000
    2.880000000   -0.000000000   -0.000000000
    2.890000000   -0.000000000   -0.000000000
    2.900000000   -0.000000000   -0.000000000
    2.910000000   -0.000000000   -0.000000000
    2.920000000   -0.000000000   -0.000000000
    2.930000000   -0.000000000   -0.000000000
    2.940000000   -0.000000000   -0.000000000
    2.950000000   -0.000000000   -0.000000000
    2.960000000   -0.000000000   -0.000000000
    2.970000000   -0.000000000   -0.000000000
    2.980000000   -0.000000000   -0.000000000
    2.990000000   -0.000000000   -0.000000000
    3.000000000   -0.000000000   -0.000000000
