#! FIELDS cv1 file.free der_cv1
#! SET min_cv1 0
#! SET max_cv1 3.0
#! SET nbins_cv1  301
#! SET periodic_cv1 false
    0.000000000   -6.589940609 -154.829269579
    0.010000000   -8.242726264 -175.155870379
    0.020000000  -10.088357603 -193.011114971
    0.030000000  -12.094669496 -207.182355240
    0.040000000  -14.221832256 -216.837124530
    0.050000000  -16.419732319 -221.239470348
    0.060000000  -18.631841256 -219.901774248
    0.070000000  -20.803511079 -212.995363380
    0.080000000  -22.879182949 -200.873571038
    0.090000000  -24.810118537 -184.340476187
    0.100000000  -26.559806012 -164.712913865
    0.110000000  -28.104002617 -143.473461122
    0.120000000  -29.433966960 -122.207691385
    0.130000000  -30.557556813 -102.462968257
    0.140000000  -31.498045349  -85.590511204
    0.150000000  -32.286425831  -72.270945637
    0.160000000  -32.960589045  -62.756291016
    0.170000000  -33.556852694  -56.667858537
    0.180000000  -34.108385011  -53.382824766
    0.190000000  -34.635562125  -51.817779498
    0.200000000  -35.150665009  -50.915269120
    0.210000000  -35.656626180  -50.008023809
    0.220000000  -36.150136313  -48.590244315
    0.230000000  -36.627292181  -46.515528907
    0.240000000  -37.081300254  -44.108298344
    0.250000000  -37.508684211  -41.725853377
    0.260000000  -37.913641373  -39.234405432
    0.270000000  -38.293107972  -36.797644434
    0.280000000  -38.649725952  -34.435878189
    0.290000000  -38.979857229  -31.955133138
    0.300000000  -39.280773059  -28.799818739
    0.310000000  -39.551089321  -25.022475618
    0.320000000  -39.777502468  -20.566585624
    0.330000000  -39.956329530  -15.872224932
    0.340000000  -40.090570322  -10.899289390
    0.350000000  -40.177569211   -6.925771703
    0.360000000  -40.229224970   -4.127501880
    0.370000000  -40.261138945   -3.174594431
    0.380000000  -40.295204389   -4.067207280
    0.390000000  -40.347974927   -7.063981033
    0.400000000  -40.439360699  -11.537326350
    0.410000000  -40.578898592  -17.123150005
    0.420000000  -40.776282180  -22.914293052
    0.430000000  -41.031443247  -28.096646220
    0.440000000  -41.331582876  -32.018134166
    0.450000000  -41.659650403  -33.839120299
    0.460000000  -41.995868810  -33.240408642
    0.470000000  -42.311852045  -30.079707673
    0.480000000  -42.585668969  -24.772015359
    0.490000000  -42.798087072  -18.104118478
    0.500000000  -42.941225808  -11.013265840
    0.510000000  -43.016508147   -4.827458735
    0.520000000  -43.036137329    0.033045964
    0.530000000  -43.017096707    2.987209069
    0.540000000  -42.977792165    4.304802081
    0.550000000  -42.932457192    4.219603915
    0.560000000  -42.888240785    3.823494109
    0.570000000  -42.847066652    3.968829096
    0.580000000  -42.800578870    4.826174580
    0.590000000  -42.742693487    6.563242032
    0.600000000  -42.664938063    8.566992951
    0.610000000  -42.567446607   10.121336125
    0.620000000  -42.459737184   10.700373209
    0.630000000  -42.350648788   10.234425974
    0.640000000  -42.252946668    8.948895311
    0.650000000  -42.169852764    7.059261989
    0.660000000  -42.104044351    5.684888736
    0.670000000  -42.046933060    5.588050949
    0.680000000  -41.979842652    6.911018215
    0.690000000  -41.890379609   10.461763634
    0.700000000  -41.756859179   15.464714551
    0.710000000  -41.572429962   21.217719206
    0.720000000  -41.329330997   26.679419835
    0.730000000  -41.037763477   31.286441785
    0.740000000  -40.706241345   34.297270871
    0.750000000  -40.351991919   35.462087914
    0.760000000  -39.993431729   35.112700131
    0.770000000  -39.644295201   33.602076361
    0.780000000  -39.316694688   31.187858093
    0.790000000  -39.017012761   28.061248870
    0.800000000  -38.751168239   24.308841127
    0.810000000  -38.525872590   20.199754640
    0.820000000  -38.344599690   15.695252566
    0.830000000  -38.208562469   10.960416453
    0.840000000  -38.119256997    6.727569958
    0.850000000  -38.068002248    3.394548277
    0.860000000  -38.040388601    1.631348947
    0.870000000  -38.022011215    1.895306607
    0.880000000  -37.988688502    3.851760666
    0.890000000  -37.931139076    7.304456644
    0.900000000  -37.835463626   11.087932626
    0.910000000  -37.707390701   14.057925815
    0.920000000  -37.557540731   14.979039601
    0.930000000  -37.410094754   13.520685575
    0.940000000  -37.290212666    9.861761702
    0.950000000  -37.213638610    4.684069029
    0.960000000  -37.191706289   -0.737001647
    0.970000000  -37.220132339   -4.956458999
    0.980000000  -37.279551198   -7.172954647
    0.990000000  -37.346059843   -6.842423086
    1.000000000  -37.399358029   -4.093754456
    1.010000000  -37.419137018   -0.084137488
    1.020000000  -37.399683964    3.601972556
    1.030000000  -37.349503834    5.780221197
    1.040000000  -37.288322065    5.588822400
    1.050000000  -37.239301816    2.887631504
    1.060000000  -37.229647499   -1.483244988
    1.070000000  -37.267670880   -6.492245150
    1.080000000  -37.350741606  -10.852248897
    1.090000000  -37.470279484  -13.082130476
    1.100000000  -37.597864983  -12.447849562
    1.110000000  -37.704643694   -8.803248230
    1.120000000  -37.763391733   -3.032518717
    1.130000000  -37.757678486    4.085973330
    1.140000000  -37.679141204   11.223879889
    1.150000000  -37.534331386   17.124695380
    1.160000000  -37.339743457   21.006961625
    1.170000000  -37.118362158   22.216969800
    1.180000000  -36.899895945   20.531316858
    1.190000000  -36.712127801   15.981333858
    1.200000000  -36.580362122    9.086961540
    1.210000000  -36.530293364    0.335513889
    1.220000000  -36.570751671   -9.140274245
    1.230000000  -36.706421004  -18.183919895
    1.240000000  -36.926815807  -25.742249743
    1.250000000  -37.212097377  -30.789187169
    1.260000000  -37.530690646  -32.805447654
    1.270000000  -37.853413063  -31.377873433
    1.280000000  -38.143619176  -27.013569186
    1.290000000  -38.379855182  -20.596938706
    1.300000000  -38.545994446  -13.225195841
    1.310000000  -38.637714672   -6.090356775
    1.320000000  -38.664632302    0.074723217
    1.330000000  -38.640274211    4.288697053
    1.340000000  -38.581772837    6.627695817
    1.350000000  -38.509385053    7.057793887
    1.360000000  -38.440349927    6.131418649
    1.370000000  -38.385313065    4.305032552
    1.380000000  -38.351328478    2.224225427
    1.390000000  -38.336793629    0.254606698
    1.400000000  -38.340321276   -1.236245419
    1.410000000  -38.354808013   -2.139453973
    1.420000000  -38.376984178   -2.707700168
    1.430000000  -38.407822146   -3.676459120
    1.440000000  -38.450234823   -5.260824382
    1.450000000  -38.513204665   -7.913128851
    1.460000000  -38.604351446  -11.372227545
    1.470000000  -38.733196114  -15.089695483
    1.480000000  -38.900311479  -18.348375199
    1.490000000  -39.093242177  -20.392135641
    1.500000000  -39.296519659  -20.379808056
    1.510000000  -39.488224170  -17.870804196
    1.520000000  -39.642320222  -13.118884241
    1.530000000  -39.740563578   -7.022825977
    1.540000000  -39.777676306   -0.703512805
    1.550000000  -39.753765595    4.370089481
    1.560000000  -39.691774866    7.102460044
    1.570000000  -39.618760315    6.945383332
    1.580000000  -39.559750656    3.388267816
    1.590000000  -39.551619338   -2.245359418
    1.600000000  -39.607638677   -9.173617005
    1.610000000  -39.731166977  -16.009200873
    1.620000000  -39.915365561  -21.313714271
    1.630000000  -40.140661798  -24.061450858
    1.640000000  -40.379850258  -23.878462387
    1.650000000  -40.605748000  -20.799020890
    1.660000000  -40.789306856  -15.814963821
    1.670000000  -40.914404849   -9.590707381
    1.680000000  -40.974369735   -3.029195672
    1.690000000  -40.971426517    3.068157732
    1.700000000  -40.909468133    8.023607706
    1.710000000  -40.806116243   12.085307303
    1.720000000  -40.665934695   15.090200216
    1.730000000  -40.500065415   17.427231413
    1.740000000  -40.314874144   19.212941628
    1.750000000  -40.111162357   20.835158532
    1.760000000  -39.890977997   22.460937479
    1.770000000  -39.653932851   24.300773753
    1.780000000  -39.399050258   26.363197545
    1.790000000  -39.125492232   28.413829720
    1.800000000  -38.828228229   29.959456890
    1.810000000  -38.517584364   31.277398200
    1.820000000  -38.197056030   31.946721942
    1.830000000  -37.875246035   31.935679935
    1.840000000  -37.553704819   31.391750627
    1.850000000  -37.241513528   30.301734510
    1.860000000  -36.942190205   29.099848212
    1.870000000  -36.652851683   28.042278257
    1.880000000  -36.372901069   27.413593067
    1.890000000  -36.094039599   27.789692537
    1.900000000  -35.808266790   28.955941502
    1.910000000  -35.504260454   30.937156244
    1.920000000  -35.177580485   33.692815329
    1.930000000  -34.822589477   36.641827751
    1.940000000  -34.438317885   39.600961429
    1.950000000  -34.023851305   42.441625486
    1.960000000  -33.581323259   45.093871863
    1.970000000  -33.113839384   47.558318602
    1.980000000  -32.622611328   50.183859283
    1.990000000  -32.103327496   53.065772013
    2.000000000  -31.551740474   56.611823262
    2.010000000  -30.961745027   60.657728594
    2.020000000  -30.328143111   65.247302141
    2.030000000  -29.645611531   70.222278579
    2.040000000  -28.914113343   75.404045111
    2.050000000  -28.132017288   80.304493175
    2.060000000  -27.302125040   84.651769497
    2.070000000  -26.431283761   88.617660807
    2.080000000  -25.522199998   92.123359968
    2.090000000  -24.579662393   95.667714085
    2.100000000  -23.600148159   99.527843407
    2.110000000  -22.577666718  104.066585450
    2.120000000  -21.505772253  109.741693731
    2.130000000  -20.371426361  116.456102757
    2.140000000  -19.166104937  123.959831517
    2.150000000  -17.884450767  131.577304512
    2.160000000  -16.528058912  138.339528574
    2.170000000  -15.113049775  143.564122944
    2.180000000  -13.658853763  146.248029956
    2.190000000  -12.192026640  145.635151883
    2.200000000  -10.747011733  141.631218281
    2.210000000   -9.361136729  134.777841060
    2.220000000   -8.056411469  125.132604543
    2.230000000   -6.857743267  113.684078209
    2.240000000   -5.779150893  101.318494264
    2.250000000   -4.823652711   88.661509210
    2.260000000   -3.995355598   76.782484676
    2.270000000   -3.280101895   65.602758830
    2.280000000   -2.672942310   55.730371318
    2.290000000   -2.158821788   46.984406583
    2.300000000   -1.724746418   39.209438749
    2.310000000   -1.363216828   32.533108948
    2.320000000   -1.064670239   26.840488855
    2.330000000   -0.820183629   21.970119883
    2.340000000   -0.619891370   17.635761843
    2.350000000   -0.459818194   13.938682043
    2.360000000   -0.333776793   10.796648204
    2.370000000   -0.238242613    8.295446144
    2.380000000   -0.165018073    6.151689991
    2.390000000   -0.111461980    4.454255346
    2.400000000   -0.073241395    3.138754406
    2.410000000   -0.046579011    2.134326258
    2.420000000   -0.028354398    1.378573012
    2.430000000   -0.016678818    0.858972876
    2.440000000   -0.009784176    0.539880445
    2.450000000   -0.005269988    0.306335173
    2.460000000   -0.002581477    0.156468279
    2.470000000   -0.001380219    0.089178631
    2.480000000   -0.000709016    0.048646975
    2.490000000   -0.000000000   -0.000000000
    2.500000000   -0.000000000   -0.000000000
    2.510000000   -0.000000000   -0.000000000
    2.520000000   -0.000000000   -0.000000000
    2.530000000   -0.000000000   -0.000000000
    2.540000000   -0.000000000   -0.000000000
    2.550000000   -0.000000000   -0.000000000
    2.560000000   -0.000000000   -0.000000000
    2.570000000   -0.000000000   -0.000000000
    2.580000000   -0.000000000   -0.000000000
    2.590000000   -0.000000000   -0.000000000
    2.600000000   -0.000000000   -0.000000000
    2.610000000   -0.000000000   -0.000000000
    2.620000000   -0.000000000   -0.000000000
    2.630000000   -0.000000000   -0.000000000
    2.640000000   -0.000000000   -0.000000000
    2.650000000   -0.000000000   -0.000000000
    2.660000000   -0.000000000   -0.000000000
    2.670000000   -0.000000000   -0.000000000
    2.680000000   -0.000000000   -0.000000000
    2.690000000   -0.000000000   -0.000000000
    2.700000000   -0.000000000   -0.000000000
    2.710000000   -0.000000000   -0.000000000
    2.720000000   -0.000000000   -0.000000000
    2.730000000   -0.000000000   -0.000000000
    2.740000000   -0.000000000   -0.000000000
    2.750000000   -0.000000000   -0.000000000
    2.760000000   -0.000000000   -0.000000000
    2.770000000   -0.000000000   -0.000000000
    2.780000000   -0.000000000   -0.000000000
    2.790000000   -0.000000000   -0.000000000
    2.800000000   -0.000000000   -0.000000000
    2.810000000   -0.000000000   -0.000000000
    2.820000000   -0.000000000   -0.000000000
    2.830000000   -0.000000000   -0.000000000
    2.840000000   -0.000000000   -0.000000000
    2.850000000   -0.000000000   -0.000000000
    2.860000000   -0.000000000   -0.000000000
    2.870000000   -0.000000000   -0.000000000
    2.880000000   -0.000000000   -0.000000000
    2.890000000   -0.000000000   -0.000000000
    2.900000000   -0.000000000   -0.000000000
    2.910000000   -0.000000000   -0.000000000
    2.920000000   -0.000000000   -0.000000000
    2.930000000   -0.000000000   -0.000000000
    2.940000000   -0.000000000   -0.000000000
    2.950000000   -0.000000000   -0.000000000
    2.960000000   -0.000000000   -0.000000000
    2.970000000   -0.000000000   -0.000000000
    2.980000000   -0.000000000   -0.000000000
    2.990000000   -0.000000000   -0.000000000
    3.000000000   -0.000000000   -0.000000000
