#! FIELDS cv1 file.free der_cv1
#! SET min_cv1 0
#! SET max_cv1 3.0
#! SET nbins_cv1  301
#! SET periodic_cv1 false
    0.000000000 -116.971422702 -1581.100276795
    0.010000000 -132.071251045 -1424.297675548
    0.020000000 -145.268277838 -1204.321298674
    0.030000000 -156.059830421 -948.218246574
    0.040000000 -164.236579098 -686.623684313
    0.050000000 -169.892194170 -448.095373060
    0.060000000 -173.369010795 -253.704548658
    0.070000000 -175.170509099 -114.261470224
    0.080000000 -175.858822178  -30.247256515
    0.090000000 -175.952778457    6.546998892
    0.100000000 -175.862783982    9.258313459
    0.110000000 -175.855369583   -7.549157694
    0.120000000 -176.061849039  -31.387913978
    0.130000000 -176.502707117  -53.320499197
    0.140000000 -177.124628817  -68.156849172
    0.150000000 -177.857602643  -75.171067787
    0.160000000 -178.624582654  -75.344033834
    0.170000000 -179.370171701  -71.028184501
    0.180000000 -180.056918050  -64.276784937
    0.190000000 -180.656147781  -58.544623215
    0.200000000 -181.187229124  -54.480510336
    0.210000000 -181.681136011  -50.652486976
    0.220000000 -182.152113524  -47.698119677
    0.230000000 -182.609864974  -46.058539596
    0.240000000 -183.060594583  -46.023895943
    0.250000000 -183.512227087  -45.728168621
    0.260000000 -183.952653753  -43.627308135
    0.270000000 -184.360319489  -38.698625897
    0.280000000 -184.701235257  -30.538080612
    0.290000000 -184.938149287  -18.997728277
    0.300000000 -185.048647082   -5.296659069
    0.310000000 -185.021649737    9.011220737
    0.320000000 -184.852198269   21.033665530
    0.330000000 -184.579104198   30.601048998
    0.340000000 -184.230608648   36.539677239
    0.350000000 -183.842425953   38.275396863
    0.360000000 -183.447387304   38.022666575
    0.370000000 -183.064106446   37.058413203
    0.380000000 -182.689157507   35.924155116
    0.390000000 -182.312589704   36.107079605
    0.400000000 -181.926096538   38.399811802
    0.410000000 -181.515691462   41.932242687
    0.420000000 -181.059887112   46.387353262
    0.430000000 -180.561349638   50.802224524
    0.440000000 -180.020379629   54.850152370
    0.450000000 -179.446318004   57.725726276
    0.460000000 -178.847733535   59.683405258
    0.470000000 -178.228641364   61.010238221
    0.480000000 -177.597973933   62.411445780
    0.490000000 -176.946989836   64.328086958
    0.500000000 -176.268521561   67.750793084
    0.510000000 -175.554622755   73.351992779
    0.520000000 -174.778916409   79.332057860
    0.530000000 -173.944547979   85.665088400
    0.540000000 -173.043461848   91.100014476
    0.550000000 -172.100008416   94.915114104
    0.560000000 -171.133169174   95.598102679
    0.570000000 -170.168430218   93.418085216
    0.580000000 -169.245022209   88.854405169
    0.590000000 -168.372692669   82.664739177
    0.600000000 -167.570517230   75.499009186
    0.610000000 -166.838055139   67.699039239
    0.620000000 -166.179970866   60.955207902
    0.630000000 -165.586665455   55.720712281
    0.640000000 -165.036762861   51.782432187
    0.650000000 -164.518492882   48.915923760
    0.660000000 -164.028681188   47.545049157
    0.670000000 -163.540822543   47.458952908
    0.680000000 -163.047529332   48.950649890
    0.690000000 -162.531956962   51.889544098
    0.700000000 -161.979250184   56.889354526
    0.710000000 -161.366892956   63.516835921
    0.720000000 -160.677988059   71.051847802
    0.730000000 -159.915026956   79.516180840
    0.740000000 -159.066927351   87.169273802
    0.750000000 -158.157010485   92.248636026
    0.760000000 -157.208516853   94.383198977
    0.770000000 -156.262279467   92.396069768
    0.780000000 -155.352236468   85.242530720
    0.790000000 -154.542819563   74.628998256
    0.800000000 -153.852053420   60.896599313
    0.810000000 -153.307241552   46.224213652
    0.820000000 -152.907175049   31.726584366
    0.830000000 -152.637655095   19.811246677
    0.840000000 -152.475102725   11.194313646
    0.850000000 -152.382409957    5.506520554
    0.860000000 -152.327770483    3.010332852
    0.870000000 -152.291155274    2.411778069
    0.880000000 -152.261388943    2.215611703
    0.890000000 -152.227795253    1.308375138
    0.900000000 -152.213461274   -0.983741312
    0.910000000 -152.234037481   -4.627907004
    0.920000000 -152.297963413   -9.997531074
    0.930000000 -152.417346625  -16.701269237
    0.940000000 -152.606196850  -22.738607252
    0.950000000 -152.843886056  -27.696148366
    0.960000000 -153.131848801  -30.381400091
    0.970000000 -153.433296845  -31.368293297
    0.980000000 -153.734826017  -31.041660686
    0.990000000 -154.029879855  -29.867463913
    1.000000000 -154.316170791  -29.457880013
    1.010000000 -154.609539424  -30.459005225
    1.020000000 -154.917287750  -33.897743369
    1.030000000 -155.272181004  -39.541830629
    1.040000000 -155.694479452  -46.110392794
    1.050000000 -156.179230167  -52.384830987
    1.060000000 -156.719047940  -57.181636749
    1.070000000 -157.292339114  -59.205191497
    1.080000000 -157.868629530  -57.366991811
    1.090000000 -158.411739388  -52.322886415
    1.100000000 -158.891515730  -44.482333056
    1.110000000 -159.284510475  -34.877093845
    1.120000000 -159.572018358  -25.575883310
    1.130000000 -159.776169785  -17.013451596
    1.140000000 -159.904395287  -10.733163242
    1.150000000 -159.991707040   -8.265710887
    1.160000000 -160.065733248   -9.713113494
    1.170000000 -160.172435335  -14.423331277
    1.180000000 -160.344942822  -22.205033859
    1.190000000 -160.606633086  -32.381601344
    1.200000000 -160.976179901  -43.037411121
    1.210000000 -161.450902637  -53.513202440
    1.220000000 -162.026942747  -63.395458415
    1.230000000 -162.697744950  -71.157853962
    1.240000000 -163.430713875  -76.630913490
    1.250000000 -164.202295161  -79.701955355
    1.260000000 -164.993090381  -79.588932352
    1.270000000 -165.770667869  -77.457712139
    1.280000000 -166.520026775  -73.763660567
    1.290000000 -167.231095191  -69.834859937
    1.300000000 -167.902896510  -66.705964109
    1.310000000 -168.548910707  -65.271298103
    1.320000000 -169.196694978  -66.227460717
    1.330000000 -169.864715272  -70.104198494
    1.340000000 -170.588504363  -76.343537948
    1.350000000 -171.387053938  -84.929599371
    1.360000000 -172.276171348  -94.665692238
    1.370000000 -173.265082036 -104.946357246
    1.380000000 -174.355568758 -114.783286942
    1.390000000 -175.544149573 -123.534066523
    1.400000000 -176.804615643 -130.576949093
    1.410000000 -178.122107864 -134.901124229
    1.420000000 -179.470860457 -135.478489189
    1.430000000 -180.804710486 -132.574008471
    1.440000000 -182.096264789 -126.438511865
    1.450000000 -183.311580116 -117.570211228
    1.460000000 -184.428698997 -107.441927627
    1.470000000 -185.439182749  -97.190143730
    1.480000000 -186.346918481  -87.154881888
    1.490000000 -187.167351929  -78.472577881
    1.500000000 -187.905726735  -71.121987446
    1.510000000 -188.579507244  -64.814727719
    1.520000000 -189.192972419  -60.152969075
    1.530000000 -189.763594416  -55.393834314
    1.540000000 -190.286406288  -50.791114178
    1.550000000 -190.766398611  -47.497889299
    1.560000000 -191.214601328  -45.101997598
    1.570000000 -191.650294978  -44.112695567
    1.580000000 -192.088975874  -45.172845120
    1.590000000 -192.546583282  -48.554637990
    1.600000000 -193.046974822  -54.049242444
    1.610000000 -193.612843769  -60.649610111
    1.620000000 -194.243316183  -68.021272378
    1.630000000 -194.947756965  -74.838718025
    1.640000000 -195.712144579  -80.219123480
    1.650000000 -196.516308784  -83.162649427
    1.660000000 -197.335074597  -83.159315117
    1.670000000 -198.140815507  -79.474194611
    1.680000000 -198.895568238  -72.247010764
    1.690000000 -199.560563162  -62.317536012
    1.700000000 -200.113823217  -49.892582660
    1.710000000 -200.530292180  -36.357877275
    1.720000000 -200.809861067  -22.979815281
    1.730000000 -200.959295058   -9.661896831
    1.740000000 -200.980241370    2.708303864
    1.750000000 -200.887865926   13.524021955
    1.760000000 -200.689321630   22.825485734
    1.770000000 -200.404721052   31.631879991
    1.780000000 -200.035615980   39.552186753
    1.790000000 -199.586028449   47.654590746
    1.800000000 -199.050710008   56.703655031
    1.810000000 -198.416387888   67.190271230
    1.820000000 -197.668507122   80.120253268
    1.830000000 -196.774711261   95.867187986
    1.840000000 -195.713018565  113.861616920
    1.850000000 -194.458449413  134.921341372
    1.860000000 -192.982380100  156.520294927
    1.870000000 -191.291006733  178.531398657
    1.880000000 -189.388718790  198.536444746
    1.890000000 -187.297673297  215.228984111
    1.900000000 -185.057705140  228.527113037
    1.910000000 -182.704043023  238.580193561
    1.920000000 -180.261417884  245.363865604
    1.930000000 -177.761604104  250.783669550
    1.940000000 -175.215657654  255.542255286
    1.950000000 -172.618015140  260.472701433
    1.960000000 -169.966710157  266.596688362
    1.970000000 -167.249826236  273.209711945
    1.980000000 -164.456494417  281.040485113
    1.990000000 -161.584785222  289.856674134
    2.000000000 -158.621340234  298.833859532
    2.010000000 -155.565481482  308.656567786
    2.020000000 -152.410031642  318.607805010
    2.030000000 -149.149433599  328.996518672
    2.040000000 -145.782656398  339.534893550
    2.050000000 -142.306722991  350.708181762
    2.060000000 -138.714621092  362.740004040
    2.070000000 -135.000053482  376.429916186
    2.080000000 -131.138993898  392.346509768
    2.090000000 -127.099084961  411.380613888
    2.100000000 -122.846842483  435.433840137
    2.110000000 -118.326756517  465.538981746
    2.120000000 -113.471790549  502.016302842
    2.130000000 -108.221359183  544.998091793
    2.140000000 -102.514374805  592.970512337
    2.150000000  -96.309986966  643.350207470
    2.160000000  -89.604519774  693.050750705
    2.170000000  -82.424778580  737.640096072
    2.180000000  -74.844465393  772.621949578
    2.190000000  -66.980108654  793.785828537
    2.200000000  -58.989348357  798.118095167
    2.210000000  -51.042667231  783.069400070
    2.220000000  -43.346865448  749.719501940
    2.230000000  -36.072173483  698.763328683
    2.240000000  -29.384860375  633.853883199
    2.250000000  -23.397725643  558.567916846
    2.260000000  -18.193941677  478.167930833
    2.270000000  -13.801991964  397.427973101
    2.280000000  -10.203656317  320.458488105
    2.290000000   -7.341933498  250.353123188
    2.300000000   -5.136748666  189.396505765
    2.310000000   -3.490809735  138.625519763
    2.320000000   -2.303180207   98.197155631
    2.330000000   -1.472302175   67.149641315
    2.340000000   -0.904961777   43.857541049
    2.350000000   -0.542013951   27.940456413
    2.360000000   -0.310713838   16.937274120
    2.370000000   -0.168579298    9.648517487
    2.380000000   -0.088434637    5.319560039
    2.390000000   -0.042643730    2.673076685
    2.400000000   -0.020641314    1.360191927
    2.410000000   -0.006213464    0.418649185
    2.420000000   -0.001686704    0.116485037
    2.430000000   -0.000536719    0.038596885
    2.440000000   -0.000000000   -0.000000000
    2.450000000   -0.000000000   -0.000000000
    2.460000000   -0.000000000   -0.000000000
    2.470000000   -0.000000000   -0.000000000
    2.480000000   -0.000000000   -0.000000000
    2.490000000   -0.000000000   -0.000000000
    2.500000000   -0.000000000   -0.000000000
    2.510000000   -0.000000000   -0.000000000
    2.520000000   -0.000000000   -0.000000000
    2.530000000   -0.000000000   -0.000000000
    2.540000000   -0.000000000   -0.000000000
    2.550000000   -0.000000000   -0.000000000
    2.560000000   -0.000000000   -0.000000000
    2.570000000   -0.000000000   -0.000000000
    2.580000000   -0.000000000   -0.000000000
    2.590000000   -0.000000000   -0.000000000
    2.600000000   -0.000000000   -0.000000000
    2.610000000   -0.000000000   -0.000000000
    2.620000000   -0.000000000   -0.000000000
    2.630000000   -0.000000000   -0.000000000
    2.640000000   -0.000000000   -0.000000000
    2.650000000   -0.000000000   -0.000000000
    2.660000000   -0.000000000   -0.000000000
    2.670000000   -0.000000000   -0.000000000
    2.680000000   -0.000000000   -0.000000000
    2.690000000   -0.000000000   -0.000000000
    2.700000000   -0.000000000   -0.000000000
    2.710000000   -0.000000000   -0.000000000
    2.720000000   -0.000000000   -0.000000000
    2.730000000   -0.000000000   -0.000000000
    2.740000000   -0.000000000   -0.000000000
    2.750000000   -0.000000000   -0.000000000
    2.760000000   -0.000000000   -0.000000000
    2.770000000   -0.000000000   -0.000000000
    2.780000000   -0.000000000   -0.000000000
    2.790000000   -0.000000000   -0.000000000
    2.800000000   -0.000000000   -0.000000000
    2.810000000   -0.000000000   -0.000000000
    2.820000000   -0.000000000   -0.000000000
    2.830000000   -0.000000000   -0.000000000
    2.840000000   -0.000000000   -0.000000000
    2.850000000   -0.000000000   -0.000000000
    2.860000000   -0.000000000   -0.000000000
    2.870000000   -0.000000000   -0.000000000
    2.880000000   -0.000000000   -0.000000000
    2.890000000   -0.000000000   -0.000000000
    2.900000000   -0.000000000   -0.000000000
    2.910000000   -0.000000000   -0.000000000
    2.920000000   -0.000000000   -0.000000000
    2.930000000   -0.000000000   -0.000000000
    2.940000000   -0.000000000   -0.000000000
    2.950000000   -0.000000000   -0.000000000
    2.960000000   -0.000000000   -0.000000000
    2.970000000   -0.000000000   -0.000000000
    2.980000000   -0.000000000   -0.000000000
    2.990000000   -0.000000000   -0.000000000
    3.000000000   -0.000000000   -0.000000000
