#! FIELDS cv1 file.free der_cv1
#! SET min_cv1 0
#! SET max_cv1 3.0
#! SET nbins_cv1  301
#! SET periodic_cv1 false
    0.000000000  -63.207954700 -1003.775203265
    0.010000000  -73.071834439 -959.498524268
    0.020000000  -82.262975736 -870.231891390
    0.030000000  -90.374615661 -745.845800067
    0.040000000  -97.126041818 -600.722648495
    0.050000000 -102.388098014 -450.760843154
    0.060000000 -106.188033473 -310.754470851
    0.070000000 -108.687124257 -192.169740433
    0.080000000 -110.137315896 -101.695915209
    0.090000000 -110.832967856  -41.138031212
    0.100000000 -111.067370909   -8.369390332
    0.110000000 -111.092374295    1.761995170
    0.120000000 -111.104777154   -4.538870810
    0.130000000 -111.234075540  -20.785466508
    0.140000000 -111.546336760  -41.033902018
    0.150000000 -112.064488387  -61.085069897
    0.160000000 -112.768275182  -77.655864865
    0.170000000 -113.613792119  -88.909437797
    0.180000000 -114.538106014  -93.802478029
    0.190000000 -115.478559996  -93.269262618
    0.200000000 -116.383420767  -89.089815788
    0.210000000 -117.221803959  -81.840905326
    0.220000000 -117.985391876  -73.182595702
    0.230000000 -118.668760601  -65.350030735
    0.240000000 -119.283146885  -59.419009392
    0.250000000 -119.845580716  -54.703711218
    0.260000000 -120.362444245  -49.958698312
    0.270000000 -120.828762458  -43.985126585
    0.280000000 -121.225590379  -36.069451767
    0.290000000 -121.526614913  -25.830822866
    0.300000000 -121.717762707  -13.666022940
    0.310000000 -121.787757246   -1.201877801
    0.320000000 -121.734596168    9.358946893
    0.330000000 -121.591260753   17.714059958
    0.340000000 -121.378756409   23.249828220
    0.350000000 -121.125733951   25.786129698
    0.360000000 -120.852086740   27.361682868
    0.370000000 -120.564365356   29.560190658
    0.380000000 -120.248349946   32.822149882
    0.390000000 -119.882037769   37.947196242
    0.400000000 -119.455836257   45.302078885
    0.410000000 -118.956731169   52.928346907
    0.420000000 -118.380842360   59.992531825
    0.430000000 -117.749138490   64.621346963
    0.440000000 -117.085908243   65.835532573
    0.450000000 -116.430376159   63.476712883
    0.460000000 -115.815776985   57.929794156
    0.470000000 -115.260707279   50.431600747
    0.480000000 -114.784078176   42.969881124
    0.490000000 -114.370540458   37.354910593
    0.500000000 -113.998262779   35.329820165
    0.510000000 -113.627695575   38.133404970
    0.520000000 -113.209305301   44.603978999
    0.530000000 -112.712927651   54.140104155
    0.540000000 -112.105305771   65.027340148
    0.550000000 -111.393933378   75.661952651
    0.560000000 -110.585157200   83.744152145
    0.570000000 -109.708383812   88.169611038
    0.580000000 -108.812070487   88.961592187
    0.590000000 -107.923478630   86.173254433
    0.600000000 -107.080948249   80.416954913
    0.610000000 -106.303206438   72.620445286
    0.620000000 -105.604697377   64.893119296
    0.630000000 -104.983031991   58.282486835
    0.640000000 -104.418350410   53.459237266
    0.650000000 -103.890227761   50.625815084
    0.660000000 -103.381441939   50.292598964
    0.670000000 -102.862315538   52.172253456
    0.680000000 -102.313931808   55.893625747
    0.690000000 -101.724801771   60.405108336
    0.700000000 -101.087499338   65.412830152
    0.710000000 -100.404210381   69.931472034
    0.720000000  -99.679237825   72.532433734
    0.730000000  -98.942066285   73.109488025
    0.740000000  -98.209199828   70.961659903
    0.750000000  -97.516431467   65.685456815
    0.760000000  -96.885562627   58.421716729
    0.770000000  -96.340574931   49.455617822
    0.780000000  -95.883764889   39.136897291
    0.790000000  -95.537586666   29.414324241
    0.800000000  -95.281003163   20.242570831
    0.810000000  -95.113233617   12.591196587
    0.820000000  -95.011932398    6.739618389
    0.830000000  -94.955155858    2.976392336
    0.840000000  -94.927834172    1.682071605
    0.850000000  -94.901191647    2.227323709
    0.860000000  -94.856368961    5.426076236
    0.870000000  -94.769763750   10.528975715
    0.880000000  -94.627053432   17.409200980
    0.890000000  -94.405219923   24.916026352
    0.900000000  -94.112021851   31.867893861
    0.910000000  -93.759138713   37.641812090
    0.920000000  -93.360605693   40.328342975
    0.930000000  -92.949495926   39.608528989
    0.940000000  -92.564326820   35.795308989
    0.950000000  -92.228088930   29.433836864
    0.960000000  -91.967142792   22.188105575
    0.970000000  -91.774746136   15.033842513
    0.980000000  -91.647417154    9.183816934
    0.990000000  -91.568269597    5.784220502
    1.000000000  -91.511696432    4.191479539
    1.010000000  -91.467076825    4.153949703
    1.020000000  -91.419624580    3.876878203
    1.030000000  -91.378913339    2.689998226
    1.040000000  -91.361051693   -0.188528051
    1.050000000  -91.381190537   -4.799040462
    1.060000000  -91.452515158  -11.229939964
    1.070000000  -91.591881599  -18.301814860
    1.080000000  -91.801462649  -25.063705095
    1.090000000  -92.076676009  -30.807045578
    1.100000000  -92.402815775  -35.144193476
    1.110000000  -92.764961188  -37.405432433
    1.120000000  -93.133320456  -38.102609263
    1.130000000  -93.505721141  -36.569183298
    1.140000000  -93.853724045  -33.805219964
    1.150000000  -94.176176334  -30.518873787
    1.160000000  -94.457399441  -27.195310043
    1.170000000  -94.708997785  -24.254109331
    1.180000000  -94.933834618  -22.628005296
    1.190000000  -95.154227688  -22.771849963
    1.200000000  -95.387242472  -24.951735326
    1.210000000  -95.653047594  -29.634181571
    1.220000000  -95.978832900  -37.204011601
    1.230000000  -96.393594030  -46.713283223
    1.240000000  -96.911422421  -57.951197703
    1.250000000  -97.545695782  -69.805759090
    1.260000000  -98.297624692  -80.677319722
    1.270000000  -99.148563639  -90.383661158
    1.280000000 -100.087092400  -97.593652237
    1.290000000 -101.084174976 -102.457781806
    1.300000000 -102.117391406 -104.655940949
    1.310000000 -103.160454712 -104.898707111
    1.320000000 -104.199703048 -103.800001627
    1.330000000 -105.223906274 -101.992864914
    1.340000000 -106.229724700  -99.827914598
    1.350000000 -107.215783242  -98.476290971
    1.360000000 -108.191900656  -97.716826112
    1.370000000 -109.164849212  -98.062610830
    1.380000000 -110.147259792  -99.337399463
    1.390000000 -111.147778951 -101.640090048
    1.400000000 -112.169312140 -103.765036620
    1.410000000 -113.208649737 -105.240280475
    1.420000000 -114.258895567 -104.932621910
    1.430000000 -115.293913981 -102.463320848
    1.440000000 -116.297742863  -98.149318633
    1.450000000 -117.248074226  -92.245055980
    1.460000000 -118.136760965  -86.268223703
    1.470000000 -118.967288596  -81.518870752
    1.480000000 -119.756232593  -78.251330367
    1.490000000 -120.529140500  -77.362908611
    1.500000000 -121.303824554  -78.728368637
    1.510000000 -122.101043808  -81.397823513
    1.520000000 -122.925722271  -85.150467457
    1.530000000 -123.789243463  -87.959869578
    1.540000000 -124.672849503  -89.415311143
    1.550000000 -125.564349532  -89.629467849
    1.560000000 -126.444065523  -87.938166274
    1.570000000 -127.299395817  -84.259143845
    1.580000000 -128.113255435  -78.865996891
    1.590000000 -128.864688739  -72.185497140
    1.600000000 -129.547100543  -64.558576463
    1.610000000 -130.147934941  -56.524658455
    1.620000000 -130.661814110  -48.598872939
    1.630000000 -131.103404148  -41.244765519
    1.640000000 -131.477515167  -35.289172984
    1.650000000 -131.797037042  -31.081760809
    1.660000000 -132.084308165  -28.755458081
    1.670000000 -132.359667619  -27.702495155
    1.680000000 -132.633371905  -27.512340189
    1.690000000 -132.902830198  -27.520935675
    1.700000000 -133.168044889  -26.631614427
    1.710000000 -133.415144243  -24.086887452
    1.720000000 -133.625765564  -20.021385602
    1.730000000 -133.785581531  -13.533504797
    1.740000000 -133.872671856   -5.029836239
    1.750000000 -133.869472256    4.517363929
    1.760000000 -133.764418587   14.318061902
    1.770000000 -133.566461030   24.015933446
    1.780000000 -133.276780263   31.808386779
    1.790000000 -132.918513905   37.395583913
    1.800000000 -132.515673859   40.805384679
    1.810000000 -132.086957027   42.019281187
    1.820000000 -131.655695125   42.391513755
    1.830000000 -131.220661229   42.832269052
    1.840000000 -130.776871315   44.116772163
    1.850000000 -130.308750712   48.369550818
    1.860000000 -129.780757577   54.984991455
    1.870000000 -129.173020694   64.917803739
    1.880000000 -128.454015540   77.312381372
    1.890000000 -127.600368504   91.397939582
    1.900000000 -126.597440096  106.921761482
    1.910000000 -125.433832383  123.570109568
    1.920000000 -124.098699676  140.504542286
    1.930000000 -122.590574177  158.310226945
    1.940000000 -120.905189497  176.611832500
    1.950000000 -119.034076647  195.006536263
    1.960000000 -116.976460819  213.846804984
    1.970000000 -114.726632289  232.544468287
    1.980000000 -112.287945174  251.934197111
    1.990000000 -109.654984217  272.434781632
    2.000000000 -106.808451862  293.789592503
    2.010000000 -103.741202243  316.921840981
    2.020000000 -100.433873017  342.107921750
    2.030000000  -96.863973529  369.301728139
    2.040000000  -93.009537900  398.198286376
    2.050000000  -88.857666622  428.421305926
    2.060000000  -84.402747042  459.322912185
    2.070000000  -79.643342917  489.530659179
    2.080000000  -74.592018312  517.555727512
    2.090000000  -69.275185214  541.716158926
    2.100000000  -63.742126593  560.852248525
    2.110000000  -58.049211741  573.277832506
    2.120000000  -52.271032264  577.784294833
    2.130000000  -46.492542170  573.431491108
    2.140000000  -40.805030385  559.629702393
    2.150000000  -35.302597249  536.359026252
    2.160000000  -30.077650165  504.330970496
    2.170000000  -25.212647543  464.800420294
    2.180000000  -20.774538511  419.458829852
    2.190000000  -16.810432563  370.291648451
    2.200000000  -13.348518089  319.623336009
    2.210000000  -10.388657004  269.247219061
    2.220000000   -7.925031371  221.792277439
    2.230000000   -5.916857283  178.184723342
    2.240000000   -4.322681931  139.748067498
    2.250000000   -3.084338356  106.681248925
    2.260000000   -2.147666634   79.244908584
    2.270000000   -1.459150835   57.334020726
    2.280000000   -0.967292481   40.438495801
    2.290000000   -0.621566024   27.519434384
    2.300000000   -0.388746256   18.219135538
    2.310000000   -0.235696350   11.664828027
    2.320000000   -0.138114469    7.199370838
    2.330000000   -0.078120524    4.285512410
    2.340000000   -0.041073241    2.342576495
    2.350000000   -0.021189652    1.262547400
    2.360000000   -0.010112320    0.627687191
    2.370000000   -0.004832305    0.315469801
    2.380000000   -0.002071634    0.141529387
    2.390000000   -0.000681386    0.048357559
    2.400000000   -0.000000000   -0.000000000
    2.410000000   -0.000000000   -0.000000000
    2.420000000   -0.000000000   -0.000000000
    2.430000000   -0.000000000   -0.000000000
    2.440000000   -0.000000000   -0.000000000
    2.450000000   -0.000000000   -0.000000000
    2.460000000   -0.000000000   -0.000000000
    2.470000000   -0.000000000   -0.000000000
    2.480000000   -0.000000000   -0.000000000
    2.490000000   -0.000000000   -0.000000000
    2.500000000   -0.000000000   -0.000000000
    2.510000000   -0.000000000   -0.000000000
    2.520000000   -0.000000000   -0.000000000
    2.530000000   -0.000000000   -0.000000000
    2.540000000   -0.000000000   -0.000000000
    2.550000000   -0.000000000   -0.000000000
    2.560000000   -0.000000000   -0.000000000
    2.570000000   -0.000000000   -0.000000000
    2.580000000   -0.000000000   -0.000000000
    2.590000000   -0.000000000   -0.000000000
    2.600000000   -0.000000000   -0.000000000
    2.610000000   -0.000000000   -0.000000000
    2.620000000   -0.000000000   -0.000000000
    2.630000000   -0.000000000   -0.000000000
    2.640000000   -0.000000000   -0.000000000
    2.650000000   -0.000000000   -0.000000000
    2.660000000   -0.000000000   -0.000000000
    2.670000000   -0.000000000   -0.000000000
    2.680000000   -0.000000000   -0.000000000
    2.690000000   -0.000000000   -0.000000000
    2.700000000   -0.000000000   -0.000000000
    2.710000000   -0.000000000   -0.000000000
    2.720000000   -0.000000000   -0.000000000
    2.730000000   -0.000000000   -0.000000000
    2.740000000   -0.000000000   -0.000000000
    2.750000000   -0.000000000   -0.000000000
    2.760000000   -0.000000000   -0.000000000
    2.770000000   -0.000000000   -0.000000000
    2.780000000   -0.000000000   -0.000000000
    2.790000000   -0.000000000   -0.000000000
    2.800000000   -0.000000000   -0.000000000
    2.810000000   -0.000000000   -0.000000000
    2.820000000   -0.000000000   -0.000000000
    2.830000000   -0.000000000   -0.000000000
    2.840000000   -0.000000000   -0.000000000
    2.850000000   -0.000000000   -0.000000000
    2.860000000   -0.000000000   -0.000000000
    2.870000000   -0.000000000   -0.000000000
    2.880000000   -0.000000000   -0.000000000
    2.890000000   -0.000000000   -0.000000000
    2.900000000   -0.000000000   -0.000000000
    2.910000000   -0.000000000   -0.000000000
    2.920000000   -0.000000000   -0.000000000
    2.930000000   -0.000000000   -0.000000000
    2.940000000   -0.000000000   -0.000000000
    2.950000000   -0.000000000   -0.000000000
    2.960000000   -0.000000000   -0.000000000
    2.970000000   -0.000000000   -0.000000000
    2.980000000   -0.000000000   -0.000000000
    2.990000000   -0.000000000   -0.000000000
    3.000000000   -0.000000000   -0.000000000
