#! FIELDS cv1 file.free der_cv1
#! SET min_cv1 0
#! SET max_cv1 3.0
#! SET nbins_cv1  301
#! SET periodic_cv1 false
    0.000000000  -76.960245790 -1166.975750421
    0.010000000  -88.344169784 -1099.070019900
    0.020000000  -98.792672864 -981.449808813
    0.030000000 -107.871911168 -828.159585631
    0.040000000 -115.316166937 -657.660221283
    0.050000000 -121.048924201 -489.022993120
    0.060000000 -125.173565117 -338.582032211
    0.070000000 -127.933366003 -217.472047439
    0.080000000 -129.651166121 -130.450927781
    0.090000000 -130.666132500  -76.278293365
    0.100000000 -131.284396199  -49.523505957
    0.110000000 -131.739856406  -42.249620766
    0.120000000 -132.187698084  -46.493719174
    0.130000000 -132.704657856  -55.324018324
    0.140000000 -133.306659730  -63.635469224
    0.150000000 -133.980066435  -68.996832733
    0.160000000 -134.686831147  -70.211416175
    0.170000000 -135.386820963  -67.443708020
    0.180000000 -136.038552542  -61.122874405
    0.190000000 -136.609600802  -53.147489577
    0.200000000 -137.084780885  -45.061881116
    0.210000000 -137.470845462  -36.692839127
    0.220000000 -137.783599522  -28.824919214
    0.230000000 -138.031996820  -23.117904610
    0.240000000 -138.236831796  -19.931718503
    0.250000000 -138.418980063  -18.162925359
    0.260000000 -138.585443695  -16.486772348
    0.270000000 -138.730648653  -13.483325121
    0.280000000 -138.836814726   -8.495734271
    0.290000000 -138.875436274   -0.919173468
    0.300000000 -138.827836621    8.820975204
    0.310000000 -138.681159202   19.447450015
    0.320000000 -138.426835459   28.618646765
    0.330000000 -138.092781815   35.909732649
    0.340000000 -137.700786135   40.555775306
    0.350000000 -137.278630175   41.670824356
    0.360000000 -136.854893032   40.904021316
    0.370000000 -136.447874637   39.409421773
    0.380000000 -136.057833051   37.498001280
    0.390000000 -135.674062752   36.193114495
    0.400000000 -135.298986502   36.474325846
    0.410000000 -134.921683589   37.345083411
    0.420000000 -134.529234279   38.861008637
    0.430000000 -134.126950931   40.028263339
    0.440000000 -133.713895864   40.535700288
    0.450000000 -133.302620889   40.087332473
    0.460000000 -132.900045921   38.960841149
    0.470000000 -132.505701413   37.488848182
    0.480000000 -132.123886801   36.715672383
    0.490000000 -131.738993997   37.497819071
    0.500000000 -131.335478268   40.934492707
    0.510000000 -130.887094737   47.629213718
    0.520000000 -130.360758937   56.227050608
    0.530000000 -129.741646518   66.522684925
    0.540000000 -129.010036060   77.056593577
    0.550000000 -128.180873843   86.976164663
    0.560000000 -127.262155105   94.242638162
    0.570000000 -126.282056858   98.434000839
    0.580000000 -125.280642330   99.631024098
    0.590000000 -124.280601678   97.899945328
    0.600000000 -123.312145866   93.599411784
    0.610000000 -122.393823565   87.343888001
    0.620000000 -121.540915115   80.735722768
    0.630000000 -120.755670153   74.609192843
    0.640000000 -120.026737432   69.574091074
    0.650000000 -119.338950072   65.774695379
    0.660000000 -118.682813726   64.266474468
    0.670000000 -118.027491069   65.183470188
    0.680000000 -117.349496294   68.699445085
    0.690000000 -116.626770835   74.222992989
    0.700000000 -115.838550324   81.819345334
    0.710000000 -114.970372052   90.392484453
    0.720000000 -114.013402575   98.347315388
    0.730000000 -112.985589040  105.132818372
    0.740000000 -111.898807639  109.318867140
    0.750000000 -110.791444622  109.679515977
    0.760000000 -109.697269329  106.730515988
    0.770000000 -108.653754774  100.128415898
    0.780000000 -107.685045076   90.084638881
    0.790000000 -106.834126206   78.751238960
    0.800000000 -106.097417176   66.447310289
    0.810000000 -105.485559789   54.975466812
    0.820000000 -104.978442152   45.080977987
    0.830000000 -104.554954046   38.055485071
    0.840000000 -104.187470412   34.338785805
    0.850000000 -103.841019085   33.544071076
    0.860000000 -103.484976109   36.159029710
    0.870000000 -103.092605052   40.974040645
    0.880000000 -102.647821813   46.983254105
    0.890000000 -102.135701148   52.600287442
    0.900000000 -101.579167649   56.452641462
    0.910000000 -101.000721689   57.485579228
    0.920000000 -100.432064578   54.276042129
    0.930000000  -99.914794116   46.535402982
    0.940000000  -99.494741102   35.524047037
    0.950000000  -99.194793562   22.355700240
    0.960000000  -99.034737616    9.000822598
    0.970000000  -98.998893027   -2.931934111
    0.980000000  -99.068706989  -12.167357971
    0.990000000  -99.212639575  -17.449497994
    1.000000000  -99.391157948  -19.382633100
    1.010000000  -99.578000881  -18.404316674
    1.020000000  -99.745685205  -16.584882609
    1.030000000  -99.894186766  -14.797805129
    1.040000000 -100.032410774  -14.081266834
    1.050000000 -100.170891551  -14.803471921
    1.060000000 -100.321635429  -17.271959754
    1.070000000 -100.502050006  -20.481131505
    1.080000000 -100.713900117  -23.440753451
    1.090000000 -100.953097220  -25.447735773
    1.100000000 -101.206348424  -25.894013159
    1.110000000 -101.456541864  -24.179055819
    1.120000000 -101.673250159  -20.945936705
    1.130000000 -101.854416282  -15.737872946
    1.140000000 -101.976492607   -9.686877223
    1.150000000 -102.044551558   -3.987232573
    1.160000000 -102.052909909    0.653838237
    1.170000000 -102.023317946    3.603633717
    1.180000000 -101.975434178    3.911454473
    1.190000000 -101.942081473    1.058300361
    1.200000000 -101.953969410   -4.855673919
    1.210000000 -102.040603711  -14.089616203
    1.220000000 -102.233760978  -26.639271097
    1.230000000 -102.567061167  -41.004998719
    1.240000000 -103.048985348  -56.573951165
    1.250000000 -103.685642172  -71.847554162
    1.260000000 -104.468674344  -84.752880261
    1.270000000 -105.364950846  -95.126134465
    1.280000000 -106.348372724 -101.650919712
    1.290000000 -107.376931620 -104.613801532
    1.300000000 -108.415948612 -104.062747820
    1.310000000 -109.435108034 -100.801442051
    1.320000000 -110.414298948  -95.989133652
    1.330000000 -111.341224107  -90.588110674
    1.340000000 -112.215925015  -85.113710762
    1.350000000 -113.040279510  -81.023248041
    1.360000000 -113.831066829  -78.274149106
    1.370000000 -114.602824476  -77.523100978
    1.380000000 -115.377552557  -78.583330323
    1.390000000 -116.173003709  -81.700101494
    1.400000000 -117.002607972  -85.515418527
    1.410000000 -117.871330120  -89.457020437
    1.420000000 -118.779202817  -92.259812615
    1.430000000 -119.704979943  -93.401455131
    1.440000000 -120.636592358  -93.112554735
    1.450000000 -121.556640040  -91.354684814
    1.460000000 -122.457542369  -89.609930093
    1.470000000 -123.342047801  -89.070754595
    1.480000000 -124.226156971  -89.784921331
    1.490000000 -125.131792422  -92.434751959
    1.500000000 -126.071531521  -96.584220763
    1.510000000 -127.057975852 -101.125624806
    1.520000000 -128.085588350 -105.819510987
    1.530000000 -129.154386820 -108.344287343
    1.540000000 -130.236115785 -108.425431190
    1.550000000 -131.307332766 -106.545930759
    1.560000000 -132.343310309 -102.341621355
    1.570000000 -133.330000880  -96.118596545
    1.580000000 -134.251329249  -88.635238284
    1.590000000 -135.093401789  -80.638570479
    1.600000000 -135.857302938  -72.760397626
    1.610000000 -136.543284761  -65.426548727
    1.620000000 -137.153931383  -59.033664664
    1.630000000 -137.709864844  -53.634729057
    1.640000000 -138.217418662  -49.711746112
    1.650000000 -138.689321341  -47.063445840
    1.660000000 -139.140231090  -45.460290579
    1.670000000 -139.583488717  -44.221138914
    1.680000000 -140.017691232  -42.873504790
    1.690000000 -140.431813491  -40.993324707
    1.700000000 -140.819484785  -37.716083508
    1.710000000 -141.164185445  -32.684982142
    1.720000000 -141.449077259  -26.296920231
    1.730000000 -141.661861839  -17.986818502
    1.740000000 -141.787073402   -8.306069760
    1.750000000 -141.813557565    1.782433561
    1.760000000 -141.735388489   11.493065433
    1.770000000 -141.566701591   20.716955656
    1.780000000 -141.312118663   27.889637871
    1.790000000 -140.995512550   32.883102578
    1.800000000 -140.640185557   35.877920770
    1.810000000 -140.261066287   37.001265153
    1.820000000 -139.877998141   37.759742056
    1.830000000 -139.484654971   39.083874446
    1.840000000 -139.070160683   41.916111735
    1.850000000 -138.612137817   48.515688714
    1.860000000 -138.066732273   58.381938252
    1.870000000 -137.405034559   72.479801403
    1.880000000 -136.585104857   89.955291782
    1.890000000 -135.575335912  109.810929024
    1.900000000 -134.356924696  131.646645399
    1.910000000 -132.914141844  154.470524746
    1.920000000 -131.241339716  176.797727885
    1.930000000 -129.348521780  198.528385526
    1.940000000 -127.248825003  218.732041826
    1.950000000 -124.955916090  236.662793338
    1.960000000 -122.494419758  252.510137087
    1.970000000 -119.882904260  265.858898465
    1.980000000 -117.145089795  278.054207565
    1.990000000 -114.289894652  290.312955386
    2.000000000 -111.306358349  303.258335231
    2.010000000 -108.182989235  318.726025682
    2.020000000 -104.889092730  337.634669490
    2.030000000 -101.386851413  360.591897462
    2.040000000  -97.629885018  387.287538045
    2.050000000  -93.587568988  417.608577348
    2.060000000  -89.231457976  450.447449262
    2.070000000  -84.544200293  484.048796316
    2.080000000  -79.525710592  516.385147131
    2.090000000  -74.195555452  545.359005060
    2.100000000  -68.600110071  569.503361529
    2.110000000  -62.794667293  586.884696956
    2.120000000  -56.855120586  596.211339064
    2.130000000  -50.868024033  596.473916189
    2.140000000  -44.927651581  587.060953099
    2.150000000  -39.130592674  567.768019926
    2.160000000  -33.573867197  539.082711943
    2.170000000  -28.347387723  502.026005516
    2.180000000  -23.528690209  458.103449840
    2.190000000  -19.176307074  409.076634749
    2.200000000  -15.331097663  357.159152872
    2.210000000  -12.007069297  304.294732704
    2.220000000   -9.209537676  253.301048813
    2.230000000   -6.906785034  205.451768367
    2.240000000   -5.061633943  162.383091719
    2.250000000   -3.619118463  124.790015581
    2.260000000   -2.521909021   93.150827669
    2.270000000   -1.712326470   67.595758297
    2.280000000   -1.133163841   47.745108738
    2.290000000   -0.726219916   32.495768577
    2.300000000   -0.451728099   21.421397422
    2.310000000   -0.272382948   13.656264715
    2.320000000   -0.159033991    8.414064954
    2.330000000   -0.089208745    4.966989216
    2.340000000   -0.046184443    2.670223574
    2.350000000   -0.023584331    1.423571064
    2.360000000   -0.011310537    0.713049123
    2.370000000   -0.004832305    0.315469801
    2.380000000   -0.002071634    0.141529387
    2.390000000   -0.000681386    0.048357559
    2.400000000   -0.000000000   -0.000000000
    2.410000000   -0.000000000   -0.000000000
    2.420000000   -0.000000000   -0.000000000
    2.430000000   -0.000000000   -0.000000000
    2.440000000   -0.000000000   -0.000000000
    2.450000000   -0.000000000   -0.000000000
    2.460000000   -0.000000000   -0.000000000
    2.470000000   -0.000000000   -0.000000000
    2.480000000   -0.000000000   -0.000000000
    2.490000000   -0.000000000   -0.000000000
    2.500000000   -0.000000000   -0.000000000
    2.510000000   -0.000000000   -0.000000000
    2.520000000   -0.000000000   -0.000000000
    2.530000000   -0.000000000   -0.000000000
    2.540000000   -0.000000000   -0.000000000
    2.550000000   -0.000000000   -0.000000000
    2.560000000   -0.000000000   -0.000000000
    2.570000000   -0.000000000   -0.000000000
    2.580000000   -0.000000000   -0.000000000
    2.590000000   -0.000000000   -0.000000000
    2.600000000   -0.000000000   -0.000000000
    2.610000000   -0.000000000   -0.000000000
    2.620000000   -0.000000000   -0.000000000
    2.630000000   -0.000000000   -0.000000000
    2.640000000   -0.000000000   -0.000000000
    2.650000000   -0.000000000   -0.000000000
    2.660000000   -0.000000000   -0.000000000
    2.670000000   -0.000000000   -0.000000000
    2.680000000   -0.000000000   -0.000000000
    2.690000000   -0.000000000   -0.000000000
    2.700000000   -0.000000000   -0.000000000
    2.710000000   -0.000000000   -0.000000000
    2.720000000   -0.000000000   -0.000000000
    2.730000000   -0.000000000   -0.000000000
    2.740000000   -0.000000000   -0.000000000
    2.750000000   -0.000000000   -0.000000000
    2.760000000   -0.000000000   -0.000000000
    2.770000000   -0.000000000   -0.000000000
    2.780000000   -0.000000000   -0.000000000
    2.790000000   -0.000000000   -0.000000000
    2.800000000   -0.000000000   -0.000000000
    2.810000000   -0.000000000   -0.000000000
    2.820000000   -0.000000000   -0.000000000
    2.830000000   -0.000000000   -0.000000000
    2.840000000   -0.000000000   -0.000000000
    2.850000000   -0.000000000   -0.000000000
    2.860000000   -0.000000000   -0.000000000
    2.870000000   -0.000000000   -0.000000000
    2.880000000   -0.000000000   -0.000000000
    2.890000000   -0.000000000   -0.000000000
    2.900000000   -0.000000000   -0.000000000
    2.910000000   -0.000000000   -0.000000000
    2.920000000   -0.000000000   -0.000000000
    2.930000000   -0.000000000   -0.000000000
    2.940000000   -0.000000000   -0.000000000
    2.950000000   -0.000000000   -0.000000000
    2.960000000   -0.000000000   -0.000000000
    2.970000000   -0.000000000   -0.000000000
    2.980000000   -0.000000000   -0.000000000
    2.990000000   -0.000000000   -0.000000000
    3.000000000   -0.000000000   -0.000000000
