#! FIELDS cv1 file.free der_cv1
#! SET min_cv1 0
#! SET max_cv1 3.0
#! SET nbins_cv1  301
#! SET periodic_cv1 false
    0.000000000 -112.894907863 -1543.828399057
    0.010000000 -127.660262549 -1394.581487828
    0.020000000 -140.598630667 -1182.392084304
    0.030000000 -151.207384536 -933.723360625
    0.040000000 -159.275983446 -679.250863575
    0.050000000 -164.891847017 -447.583696446
    0.060000000 -168.396672333 -260.241868240
    0.070000000 -170.304132062 -128.893558467
    0.080000000 -171.187394974  -54.310448210
    0.090000000 -171.573579720  -27.867292868
    0.100000000 -171.879155543  -35.647046112
    0.110000000 -172.368086112  -61.970616140
    0.120000000 -173.153712453  -92.848448241
    0.130000000 -174.228260274 -118.210299877
    0.140000000 -175.504102932 -132.473306495
    0.150000000 -176.855975547 -133.956020705
    0.160000000 -178.167639698 -124.513749794
    0.170000000 -179.345015945 -107.403397208
    0.180000000 -180.324588240  -86.003552235
    0.190000000 -181.066190090  -65.081612305
    0.200000000 -181.588544238  -46.120393616
    0.210000000 -181.936468188  -29.918801758
    0.220000000 -182.152054864  -17.505158006
    0.230000000 -182.272999260   -9.860235283
    0.240000000 -182.342737159   -7.398639968
    0.250000000 -182.413822365   -9.330103694
    0.260000000 -182.530621450  -15.014451882
    0.270000000 -182.714490033  -22.897892970
    0.280000000 -182.980823349  -31.385603003
    0.290000000 -183.324653323  -39.267330265
    0.300000000 -183.735273471  -44.227845281
    0.310000000 -184.173482869  -45.358385196
    0.320000000 -184.604242262  -42.177802222
    0.330000000 -184.978801014  -34.757552768
    0.340000000 -185.263264769  -24.179892276
    0.350000000 -185.430535806  -11.737683776
    0.360000000 -185.475329388    0.852974012
    0.370000000 -185.400973129   11.413943963
    0.380000000 -185.234071922   18.840696807
    0.390000000 -185.012615830   22.302197349
    0.400000000 -184.778567305   22.031347301
    0.410000000 -184.557910516   18.731531963
    0.420000000 -184.380589199   13.988741481
    0.430000000 -184.256042116    9.478489624
    0.440000000 -184.166116853    5.936368430
    0.450000000 -184.105880164    4.361283279
    0.460000000 -184.046040664    5.089201822
    0.470000000 -183.976717982    7.259498657
    0.480000000 -183.875809208   10.399751846
    0.490000000 -183.747516935   13.589018785
    0.500000000 -183.584461948   16.096830079
    0.510000000 -183.399052710   18.370096363
    0.520000000 -183.195578695   20.495219042
    0.530000000 -182.964612266   22.554888534
    0.540000000 -182.710324887   25.194065795
    0.550000000 -182.430378019   28.665227107
    0.560000000 -182.110693144   32.643388307
    0.570000000 -181.756559492   36.128533790
    0.580000000 -181.365924799   39.357455897
    0.590000000 -180.944142646   41.526495447
    0.600000000 -180.507848591   43.522697514
    0.610000000 -180.052678788   45.474083844
    0.620000000 -179.575734122   47.664134182
    0.630000000 -179.070986804   50.031627986
    0.640000000 -178.543653071   53.137831143
    0.650000000 -177.979621620   56.588129875
    0.660000000 -177.383012071   59.698875110
    0.670000000 -176.760491838   62.031396609
    0.680000000 -176.119484458   63.516522071
    0.690000000 -175.474612321   63.402167739
    0.700000000 -174.831917150   62.847391704
    0.710000000 -174.188327277   62.862702093
    0.720000000 -173.541342493   64.139124650
    0.730000000 -172.872191968   67.282666273
    0.740000000 -172.161469131   72.173626513
    0.750000000 -171.395920005   78.570881082
    0.760000000 -170.570347245   84.477847281
    0.770000000 -169.684120154   88.860077657
    0.780000000 -168.772484786   90.638735397
    0.790000000 -167.860213692   88.949137707
    0.800000000 -166.979212437   84.213880227
    0.810000000 -166.157229232   77.451671901
    0.820000000 -165.408691478   69.535892620
    0.830000000 -164.737011755   62.640644816
    0.840000000 -164.124961639   56.639479836
    0.850000000 -163.568071297   52.821418355
    0.860000000 -163.042089803   49.973426485
    0.870000000 -162.539526398   48.301089432
    0.880000000 -162.050967312   47.437710305
    0.890000000 -161.564097927   47.199860810
    0.900000000 -161.079372538   48.032768009
    0.910000000 -160.573411426   50.511035418
    0.920000000 -160.032674942   55.057843519
    0.930000000 -159.439064781   62.268960792
    0.940000000 -158.763194029   70.124138804
    0.950000000 -158.006397326   78.594234043
    0.960000000 -157.170140077   85.592460007
    0.970000000 -156.274913846   89.958554970
    0.980000000 -155.355693253   90.902599316
    0.990000000 -154.452517891   88.085579234
    1.000000000 -153.589560265   82.520950870
    1.010000000 -152.788456177   74.878072503
    1.020000000 -152.066893126   67.164002946
    1.030000000 -151.417434801   60.177509214
    1.040000000 -150.832948247   54.420880682
    1.050000000 -150.303880293   49.742148566
    1.060000000 -149.817342730   44.447341010
    1.070000000 -149.391258383   38.465993023
    1.080000000 -149.031918779   31.110906567
    1.090000000 -148.760472554   20.711904841
    1.100000000 -148.602216664    8.532034934
    1.110000000 -148.568839322   -4.749216140
    1.120000000 -148.664219105  -16.778161025
    1.130000000 -148.873344148  -26.825763624
    1.140000000 -149.166097509  -32.145778511
    1.150000000 -149.480242931  -32.226330116
    1.160000000 -149.765298420  -26.761143168
    1.170000000 -149.971557001  -15.896209559
    1.180000000 -150.054558271   -1.472665932
    1.190000000 -149.981119033   14.043884374
    1.200000000 -149.755096681   29.496548378
    1.210000000 -149.381639197   42.275946963
    1.220000000 -148.902213061   51.035669155
    1.230000000 -148.354649551   54.915204879
    1.240000000 -147.794962873   54.278008308
    1.250000000 -147.263094006   49.570482637
    1.260000000 -146.794605353   42.024412098
    1.270000000 -146.412291985   31.837546530
    1.280000000 -146.140013721   20.842490830
    1.290000000 -145.983373882    8.814436115
    1.300000000 -145.947963517   -2.741852003
    1.310000000 -146.020046543  -13.900354908
    1.320000000 -146.202564495  -24.029513691
    1.330000000 -146.477562483  -32.982231359
    1.340000000 -146.837011434  -40.068154124
    1.350000000 -147.261597865  -45.418131190
    1.360000000 -147.718066130  -48.978605341
    1.370000000 -148.203709680  -50.058425821
    1.380000000 -148.692114386  -49.303842078
    1.390000000 -149.169841244  -47.371374439
    1.400000000 -149.621940523  -44.577011991
    1.410000000 -150.043207460  -41.281045837
    1.420000000 -150.430235392  -37.779222281
    1.430000000 -150.777474298  -34.037619044
    1.440000000 -151.085599073  -30.181829314
    1.450000000 -151.360860603  -25.213153328
    1.460000000 -151.578095591  -20.376859625
    1.470000000 -151.743086586  -14.651578032
    1.480000000 -151.848300777   -8.685299890
    1.490000000 -151.899784740   -2.372652618
    1.500000000 -151.883084206    2.950722122
    1.510000000 -151.816824434    7.840068913
    1.520000000 -151.712930119   12.091674265
    1.530000000 -151.568086201   15.194008732
    1.540000000 -151.394645721   17.267213697
    1.550000000 -151.204973554   18.383012676
    1.560000000 -151.002803055   19.087538567
    1.570000000 -150.797008955   20.144059197
    1.580000000 -150.580599779   21.646355438
    1.590000000 -150.348323752   22.815973354
    1.600000000 -150.101888705   24.162566595
    1.610000000 -149.845217602   25.093246090
    1.620000000 -149.575522807   26.132818615
    1.630000000 -149.304261181   27.127898055
    1.640000000 -149.019116803   27.916636599
    1.650000000 -148.719562623   29.594488681
    1.660000000 -148.396691287   32.112079614
    1.670000000 -148.039947167   36.858107075
    1.680000000 -147.633999148   43.104872025
    1.690000000 -147.156893394   50.234259961
    1.700000000 -146.610274903   57.210284482
    1.710000000 -145.995579022   62.866127609
    1.720000000 -145.331128786   66.409712571
    1.730000000 -144.647680665   68.024046786
    1.740000000 -143.960778998   67.178719476
    1.750000000 -143.289257907   65.390428150
    1.760000000 -142.631275302   63.708875570
    1.770000000 -141.982788263   64.104818749
    1.780000000 -141.316066085   67.326199707
    1.790000000 -140.604053966   73.060903085
    1.800000000 -139.825232555   80.892310157
    1.810000000 -138.959124083   89.717709204
    1.820000000 -138.003515077   98.233488282
    1.830000000 -136.971207457  106.098372327
    1.840000000 -135.865219019  112.985698953
    1.850000000 -134.693370622  118.753254172
    1.860000000 -133.464845771  124.096806201
    1.870000000 -132.186982978  129.344829450
    1.880000000 -130.854749065  134.388519960
    1.890000000 -129.471448869  139.103036365
    1.900000000 -128.046048385  143.693010135
    1.910000000 -126.577994572  147.711836791
    1.920000000 -125.071614504  150.759104458
    1.930000000 -123.535808784  153.912494186
    1.940000000 -121.966446162  157.787877894
    1.950000000 -120.352105007  163.235594267
    1.960000000 -118.674425801  170.034869270
    1.970000000 -116.916490856  179.059974202
    1.980000000 -115.055796427  189.464319119
    1.990000000 -113.088574219  201.875970299
    2.000000000 -110.987865733  214.638494216
    2.010000000 -108.759329682  228.289206357
    2.020000000 -106.399065091  242.207693700
    2.030000000 -103.894608074  255.664575434
    2.040000000 -101.259313590  269.413749357
    2.050000000  -98.481815492  282.548968466
    2.060000000  -95.575434061  295.098862868
    2.070000000  -92.547657681  306.601415675
    2.080000000  -89.414304790  316.558008413
    2.090000000  -86.194354366  324.446700701
    2.100000000  -82.907559112  330.097665277
    2.110000000  -79.573016998  333.763613617
    2.120000000  -76.204649707  336.458859732
    2.130000000  -72.808333056  339.945434865
    2.140000000  -69.367175086  345.629072199
    2.150000000  -65.853499542  355.221979745
    2.160000000  -62.220262199  369.166847982
    2.170000000  -58.424100710  387.536418961
    2.180000000  -54.430602131  409.434846934
    2.190000000  -50.208349021  431.785369591
    2.200000000  -45.771501898  451.986556021
    2.210000000  -41.159579739  466.629789181
    2.220000000  -36.443984706  472.507451885
    2.230000000  -31.724307927  467.400959289
    2.240000000  -27.113030877  450.157619273
    2.250000000  -22.732845823  421.678962641
    2.260000000  -18.686834433  383.647029996
    2.270000000  -15.058075873  338.969032837
    2.280000000  -11.898629923  291.008045260
    2.290000000   -9.221129378  242.607798727
    2.300000000   -7.018196489  196.880095681
    2.310000000   -5.250025736  155.595068599
    2.320000000   -3.870203438  120.337290786
    2.330000000   -2.808036038   90.726430459
    2.340000000   -2.016416437   67.496955891
    2.350000000   -1.428500178   49.243997779
    2.360000000   -1.000696979   35.472665410
    2.370000000   -0.692541902   25.250872498
    2.380000000   -0.473493137   17.820472489
    2.390000000   -0.316784275   12.284199302
    2.400000000   -0.208701212    8.398771869
    2.410000000   -0.134390337    5.633365958
    2.420000000   -0.085818784    3.805826172
    2.430000000   -0.052530805    2.448253530
    2.440000000   -0.032027822    1.592436773
    2.450000000   -0.018576235    0.978516196
    2.460000000   -0.009739132    0.532112468
    2.470000000   -0.005527782    0.324129994
    2.480000000   -0.003014462    0.188815440
    2.490000000   -0.001579417    0.105246889
    2.500000000   -0.000795082    0.056161868
    2.510000000   -0.000000000   -0.000000000
    2.520000000   -0.000000000   -0.000000000
    2.530000000   -0.000000000   -0.000000000
    2.540000000   -0.000000000   -0.000000000
    2.550000000   -0.000000000   -0.000000000
    2.560000000   -0.000000000   -0.000000000
    2.570000000   -0.000000000   -0.000000000
    2.580000000   -0.000000000   -0.000000000
    2.590000000   -0.000000000   -0.000000000
    2.600000000   -0.000000000   -0.000000000
    2.610000000   -0.000000000   -0.000000000
    2.620000000   -0.000000000   -0.000000000
    2.630000000   -0.000000000   -0.000000000
    2.640000000   -0.000000000   -0.000000000
    2.650000000   -0.000000000   -0.000000000
    2.660000000   -0.000000000   -0.000000000
    2.670000000   -0.000000000   -0.000000000
    2.680000000   -0.000000000   -0.000000000
    2.690000000   -0.000000000   -0.000000000
    2.700000000   -0.000000000   -0.000000000
    2.710000000   -0.000000000   -0.000000000
    2.720000000   -0.000000000   -0.000000000
    2.730000000   -0.000000000   -0.000000000
    2.740000000   -0.000000000   -0.000000000
    2.750000000   -0.000000000   -0.000000000
    2.760000000   -0.000000000   -0.000000000
    2.770000000   -0.000000000   -0.000000000
    2.780000000   -0.000000000   -0.000000000
    2.790000000   -0.000000000   -0.000000000
    2.800000000   -0.000000000   -0.000000000
    2.810000000   -0.000000000   -0.000000000
    2.820000000   -0.000000000   -0.000000000
    2.830000000   -0.000000000   -0.000000000
    2.840000000   -0.000000000   -0.000000000
    2.850000000   -0.000000000   -0.000000000
    2.860000000   -0.000000000   -0.000000000
    2.870000000   -0.000000000   -0.000000000
    2.880000000   -0.000000000   -0.000000000
    2.890000000   -0.000000000   -0.000000000
    2.900000000   -0.000000000   -0.000000000
    2.910000000   -0.000000000   -0.000000000
    2.920000000   -0.000000000   -0.000000000
    2.930000000   -0.000000000   -0.000000000
    2.940000000   -0.000000000   -0.000000000
    2.950000000   -0.000000000   -0.000000000
    2.960000000   -0.000000000   -0.000000000
    2.970000000   -0.000000000   -0.000000000
    2.980000000   -0.000000000   -0.000000000
    2.990000000   -0.000000000   -0.000000000
    3.000000000   -0.000000000   -0.000000000
