#! FIELDS cv1 file.free der_cv1
#! SET min_cv1 0
#! SET max_cv1 3.0
#! SET nbins_cv1  301
#! SET periodic_cv1 false
    0.000000000   -1.111456653  -29.858273439
    0.010000000   -1.437311504  -35.015864958
    0.020000000   -1.812712387  -39.893396526
    0.030000000   -2.236460842  -44.484651169
    0.040000000   -2.702504134  -48.599194900
    0.050000000   -3.208415066  -52.429135336
    0.060000000   -3.752049905  -56.170529884
    0.070000000   -4.334258888  -60.102815191
    0.080000000   -4.957689872  -64.409901080
    0.090000000   -5.626952649  -69.169789263
    0.100000000   -6.344367698  -74.118729325
    0.110000000   -7.111159293  -78.909168930
    0.120000000   -7.922389904  -82.944810890
    0.130000000   -8.768010293  -85.661776405
    0.140000000   -9.631824119  -86.569194678
    0.150000000  -10.494687503  -85.476182461
    0.160000000  -11.337479630  -82.554338075
    0.170000000  -12.143130269  -78.220731920
    0.180000000  -12.901701076  -73.207145573
    0.190000000  -13.610074611  -68.258642601
    0.200000000  -14.271537113  -63.950242754
    0.210000000  -14.895025464  -60.641110765
    0.220000000  -15.490387209  -58.327047948
    0.230000000  -16.066271300  -56.624037563
    0.240000000  -16.625085864  -54.955483462
    0.250000000  -17.165358295  -52.823752406
    0.260000000  -17.679565227  -49.832409950
    0.270000000  -18.159945497  -45.939349215
    0.280000000  -18.597481035  -41.350474478
    0.290000000  -18.989002355  -36.716416956
    0.300000000  -19.335701496  -32.608435597
    0.310000000  -19.647958623  -29.736635476
    0.320000000  -19.938128042  -28.453933357
    0.330000000  -20.222541598  -28.658365531
    0.340000000  -20.515339869  -30.102440909
    0.350000000  -20.825337661  -32.133548355
    0.360000000  -21.157214304  -34.229297989
    0.370000000  -21.508525855  -35.919461918
    0.380000000  -21.873727423  -37.057700651
    0.390000000  -22.246102193  -37.303490802
    0.400000000  -22.616614827  -37.008883626
    0.410000000  -22.981964083  -35.975251215
    0.420000000  -23.335596136  -34.724399393
    0.430000000  -23.677184336  -33.383025639
    0.440000000  -24.002985682  -31.771325622
    0.450000000  -24.310212666  -29.856981512
    0.460000000  -24.595086875  -27.450655798
    0.470000000  -24.854273058  -24.478932165
    0.480000000  -25.081540219  -21.155184765
    0.490000000  -25.275626895  -17.788644424
    0.500000000  -25.437096303  -14.771913254
    0.510000000  -25.571731164  -12.476075548
    0.520000000  -25.687907164  -11.157203578
    0.530000000  -25.797451557  -10.971901245
    0.540000000  -25.909315670  -11.559569347
    0.550000000  -26.029324034  -12.714004642
    0.560000000  -26.161769502  -13.960217941
    0.570000000  -26.304671401  -14.799928586
    0.580000000  -26.454348403  -15.224806135
    0.590000000  -26.604432515  -15.063410042
    0.600000000  -26.749892406  -14.523605267
    0.610000000  -26.890676058  -13.806051087
    0.620000000  -27.025585441  -13.335919109
    0.630000000  -27.157494566  -13.290368057
    0.640000000  -27.291490155  -13.815542198
    0.650000000  -27.432094169  -14.707334566
    0.660000000  -27.582375811  -15.679345231
    0.670000000  -27.742427284  -16.296611577
    0.680000000  -27.903833937  -16.308702178
    0.690000000  -28.060077569  -15.236461782
    0.700000000  -28.201466487  -13.061015917
    0.710000000  -28.316272985  -10.141650615
    0.720000000  -28.399875088   -6.733669634
    0.730000000  -28.451478446   -3.710984038
    0.740000000  -28.477128852   -1.712061986
    0.750000000  -28.487002744   -1.173351287
    0.760000000  -28.499900723   -1.966656660
    0.770000000  -28.526778848   -4.055379266
    0.780000000  -28.579757955   -6.698513917
    0.790000000  -28.661215312   -9.504351014
    0.800000000  -28.766428900  -11.940356992
    0.810000000  -28.890440352  -13.136749873
    0.820000000  -29.021545130  -13.205343669
    0.830000000  -29.148016653  -12.208734453
    0.840000000  -29.260610395  -10.655833400
    0.850000000  -29.358117749   -8.997721072
    0.860000000  -29.439648878   -7.796186694
    0.870000000  -29.512016416   -7.147024790
    0.880000000  -29.582298471   -7.280425396
    0.890000000  -29.657761176   -8.029033470
    0.900000000  -29.740588257   -9.268802717
    0.910000000  -29.837038122  -10.437224916
    0.920000000  -29.945104932  -11.399301692
    0.930000000  -30.059394039  -11.859488933
    0.940000000  -30.177159694  -11.544066389
    0.950000000  -30.286640212  -10.677256233
    0.960000000  -30.385308104   -9.138886900
    0.970000000  -30.466720205   -7.327183889
    0.980000000  -30.530338044   -5.759825754
    0.990000000  -30.579869948   -4.692898674
    1.000000000  -30.623315264   -4.564776071
    1.010000000  -30.669604920   -5.480746491
    1.020000000  -30.732972713   -7.629536269
    1.030000000  -30.821922501  -10.753873277
    1.040000000  -30.947068398  -14.683668408
    1.050000000  -31.112508679  -18.674491205
    1.060000000  -31.316951215  -22.337771182
    1.070000000  -31.551751398  -24.922139971
    1.080000000  -31.805993543  -25.959174796
    1.090000000  -32.062428899  -25.079054363
    1.100000000  -32.298985242  -22.397770320
    1.110000000  -32.500205214  -18.092086532
    1.120000000  -32.652521066  -12.566490590
    1.130000000  -32.747312866   -6.785714643
    1.140000000  -32.786272585   -1.431791767
    1.150000000  -32.777344922    2.797409566
    1.160000000  -32.730957595    5.641426200
    1.170000000  -32.663173271    7.052880932
    1.180000000  -32.588459459    7.523382981
    1.190000000  -32.512467923    7.119418844
    1.200000000  -32.442530908    6.624537410
    1.210000000  -32.377754536    6.133887337
    1.220000000  -32.316239880    5.807508408
    1.230000000  -32.257397313    5.616000938
    1.240000000  -32.200194078    5.476813181
    1.250000000  -32.145363241    4.897903928
    1.260000000  -32.098361196    3.962511998
    1.270000000  -32.064293770    2.467718971
    1.280000000  -32.048342686    0.387591800
    1.290000000  -32.054318196   -2.173592442
    1.300000000  -32.084953776   -4.655236658
    1.310000000  -32.138716676   -6.800662662
    1.320000000  -32.211510358   -8.174897910
    1.330000000  -32.295302760   -8.713340585
    1.340000000  -32.380042208   -8.239754440
    1.350000000  -32.454030426   -6.819781620
    1.360000000  -32.508697854   -4.398734132
    1.370000000  -32.535097872   -1.375624180
    1.380000000  -32.530078979    2.340342747
    1.390000000  -32.484332026    6.223942016
    1.400000000  -32.401582764   10.086626106
    1.410000000  -32.279992810   13.411457058
    1.420000000  -32.131168441   15.945245707
    1.430000000  -31.961978377   17.065314340
    1.440000000  -31.790385137   16.728025942
    1.450000000  -31.630996239   14.490641039
    1.460000000  -31.500545348   10.806592185
    1.470000000  -31.414614223    5.936293142
    1.480000000  -31.379453954    0.582374122
    1.490000000  -31.398949243   -4.478595406
    1.500000000  -31.463747494   -8.741977808
    1.510000000  -31.565051168  -11.769012255
    1.520000000  -31.689220809  -13.453885115
    1.530000000  -31.824428030  -13.764779160
    1.540000000  -31.955711925  -13.091811405
    1.550000000  -32.078589538  -11.628211177
    1.560000000  -32.183381406   -9.721422273
    1.570000000  -32.268039659   -7.404396519
    1.580000000  -32.327687788   -4.897799286
    1.590000000  -32.360247255   -2.051355429
    1.600000000  -32.363637929    0.905539607
    1.610000000  -32.336961584    4.045312122
    1.620000000  -32.277555883    7.100567610
    1.630000000  -32.190116470    9.983748634
    1.640000000  -32.077200000   12.252078424
    1.650000000  -31.944751955   13.588564694
    1.660000000  -31.803787825   13.921492582
    1.670000000  -31.664991340   13.291949043
    1.680000000  -31.538259479   11.558123377
    1.690000000  -31.433198934    9.079091625
    1.700000000  -31.354152522    6.017076529
    1.710000000  -31.305633660    3.125972903
    1.720000000  -31.284384928    0.853649646
    1.730000000  -31.282085714   -0.423376083
    1.740000000  -31.285369827   -0.460134640
    1.750000000  -31.283824817    0.642316870
    1.760000000  -31.266221606    2.797429548
    1.770000000  -31.221698995    5.447205157
    1.780000000  -31.151843980    8.102341398
    1.790000000  -31.057118375   10.065248085
    1.800000000  -30.947888325   11.093543029
    1.810000000  -30.834320519   11.041128886
    1.820000000  -30.725884218    9.837394259
    1.830000000  -30.635874314    7.891995417
    1.840000000  -30.566328338    5.342163304
    1.850000000  -30.522440039    2.980894024
    1.860000000  -30.498909288    1.154674025
    1.870000000  -30.491490897    0.264039495
    1.880000000  -30.487634792    0.340081660
    1.890000000  -30.476776752    1.658585093
    1.900000000  -30.446640993    4.089528857
    1.910000000  -30.387918630    7.508333843
    1.920000000  -30.289548913   11.596312453
    1.930000000  -30.149226084   16.183755897
    1.940000000  -29.960359396   20.921946847
    1.950000000  -29.725622979   25.366302462
    1.960000000  -29.450687823   29.171747121
    1.970000000  -29.140058925   31.866435599
    1.980000000  -28.811022993   33.224401868
    1.990000000  -28.475385352   33.306071462
    2.000000000  -28.145495242   32.117204749
    2.010000000  -27.831883764   30.089983200
    2.020000000  -27.538455407   27.962677149
    2.030000000  -27.264471378   26.402823816
    2.040000000  -27.001671937   25.963077033
    2.050000000  -26.735442131   26.933953780
    2.060000000  -26.453338351   29.201781966
    2.070000000  -26.142406917   32.471566055
    2.080000000  -25.796437313   36.166959146
    2.090000000  -25.414669019   39.500521853
    2.100000000  -25.002972097   42.035621181
    2.110000000  -24.572461774   43.564059563
    2.120000000  -24.130189853   43.968441738
    2.130000000  -23.687553823   43.746291747
    2.140000000  -23.248909089   43.662496566
    2.150000000  -22.807956861   44.039554949
    2.160000000  -22.358062992   45.430305914
    2.170000000  -21.887403908   48.180831158
    2.180000000  -21.384133946   52.195592755
    2.190000000  -20.836708336   57.034547943
    2.200000000  -20.239609217   61.846131298
    2.210000000  -19.596078256   66.037884277
    2.220000000  -18.916464134   69.118920165
    2.230000000  -18.214776568   70.651872354
    2.240000000  -17.504063788   70.515036015
    2.250000000  -16.801266928   68.995585157
    2.260000000  -16.120041603   66.585758230
    2.270000000  -15.466678501   63.629667211
    2.280000000  -14.843085625   60.499501630
    2.290000000  -14.250388084   57.572718776
    2.300000000  -13.684104837   55.056164368
    2.310000000  -13.141454470   53.286965786
    2.320000000  -12.612024440   52.141763241
    2.330000000  -12.089797439   51.749748396
    2.340000000  -11.569214515   52.251787071
    2.350000000  -11.038353910   53.199783086
    2.360000000  -10.496808861   54.787468239
    2.370000000   -9.937633120   56.515327175
    2.380000000   -9.360252962   58.125731597
    2.390000000   -8.768769005   59.553479890
    2.400000000   -8.165701184   60.560596542
    2.410000000   -7.554871297   61.033692469
    2.420000000   -6.942478971   61.111999532
    2.430000000   -6.330627786   60.723869287
    2.440000000   -5.725016599   60.108750975
    2.450000000   -5.126785322   59.159905973
    2.460000000   -4.539100672   57.829669196
    2.470000000   -3.967180768   56.105399040
    2.480000000   -3.414928378   53.760859083
    2.490000000   -2.890247187   50.782525333
    2.500000000   -2.399230593   47.029760663
    2.510000000   -1.949994831   42.599584803
    2.520000000   -1.548074670   37.567069022
    2.530000000   -1.197051202   32.084450742
    2.540000000   -0.901450309   26.602315026
    2.550000000   -0.660247955   21.377732290
    2.560000000   -0.470171921   16.657413575
    2.570000000   -0.323716515   12.457773066
    2.580000000   -0.216384422    9.024964799
    2.590000000   -0.139721695    6.283076174
    2.600000000   -0.086576147    4.164772439
    2.610000000   -0.052313745    2.696591858
    2.620000000   -0.030084503    1.648816909
    2.630000000   -0.016657896    0.967686733
    2.640000000   -0.008762752    0.536914442
    2.650000000   -0.004517231    0.292774546
    2.660000000   -0.001903919    0.128265270
    2.670000000   -0.000652873    0.045611060
    2.680000000   -0.000000000   -0.000000000
    2.690000000   -0.000000000   -0.000000000
    2.700000000   -0.000000000   -0.000000000
    2.710000000   -0.000000000   -0.000000000
    2.720000000   -0.000000000   -0.000000000
    2.730000000   -0.000000000   -0.000000000
    2.740000000   -0.000000000   -0.000000000
    2.750000000   -0.000000000   -0.000000000
    2.760000000   -0.000000000   -0.000000000
    2.770000000   -0.000000000   -0.000000000
    2.780000000   -0.000000000   -0.000000000
    2.790000000   -0.000000000   -0.000000000
    2.800000000   -0.000000000   -0.000000000
    2.810000000   -0.000000000   -0.000000000
    2.820000000   -0.000000000   -0.000000000
    2.830000000   -0.000000000   -0.000000000
    2.840000000   -0.000000000   -0.000000000
    2.850000000   -0.000000000   -0.000000000
    2.860000000   -0.000000000   -0.000000000
    2.870000000   -0.000000000   -0.000000000
    2.880000000   -0.000000000   -0.000000000
    2.890000000   -0.000000000   -0.000000000
    2.900000000   -0.000000000   -0.000000000
    2.910000000   -0.000000000   -0.000000000
    2.920000000   -0.000000000   -0.000000000
    2.930000000   -0.000000000   -0.000000000
    2.940000000   -0.000000000   -0.000000000
    2.950000000   -0.000000000   -0.000000000
    2.960000000   -0.000000000   -0.000000000
    2.970000000   -0.000000000   -0.000000000
    2.980000000   -0.000000000   -0.000000000
    2.990000000   -0.000000000   -0.000000000
    3.000000000   -0.000000000   -0.000000000
