#! FIELDS cv1 file.free der_cv1
#! SET min_cv1 0
#! SET max_cv1 3.0
#! SET nbins_cv1  301
#! SET periodic_cv1 false
    0.000000000  -24.968939067 -493.559247664
    0.010000000  -30.023807403 -513.300256179
    0.020000000  -35.176057151 -512.847930497
    0.030000000  -40.221434149 -492.136825496
    0.040000000  -44.967451785 -453.546912532
    0.050000000  -49.254584874 -401.413101484
    0.060000000  -52.977444724 -341.585890082
    0.070000000  -56.089372023 -280.171617795
    0.080000000  -58.602336164 -222.659366456
    0.090000000  -60.579305858 -173.326685992
    0.100000000  -62.113700235 -134.463467621
    0.110000000  -63.314676342 -106.601742245
    0.120000000  -64.287645850  -88.644069474
    0.130000000  -65.121874148  -78.459358263
    0.140000000  -65.883811838  -73.561264381
    0.150000000  -66.611205766  -71.359706563
    0.160000000  -67.321936229  -69.985759501
    0.170000000  -68.018367897  -68.324273280
    0.180000000  -68.696228841  -66.082666166
    0.190000000  -69.347624619  -63.427888072
    0.200000000  -69.969440020  -61.039519227
    0.210000000  -70.569238406  -59.315218299
    0.220000000  -71.155048176  -58.368198205
    0.230000000  -71.732789940  -58.428907414
    0.240000000  -72.314842709  -58.903464408
    0.250000000  -72.904662986  -59.264099515
    0.260000000  -73.495608229  -59.221705789
    0.270000000  -74.079709750  -58.615044354
    0.280000000  -74.652648455  -56.951415523
    0.290000000  -75.210048153  -54.450442755
    0.300000000  -75.739288617  -51.903632369
    0.310000000  -76.243806085  -49.438303513
    0.320000000  -76.723540759  -47.338254575
    0.330000000  -77.183906977  -45.430062799
    0.340000000  -77.627015316  -43.503201607
    0.350000000  -78.047258602  -41.587332526
    0.360000000  -78.448221631  -39.140485758
    0.370000000  -78.821670258  -36.392117833
    0.380000000  -79.167033190  -33.443924723
    0.390000000  -79.483123790  -30.482608764
    0.400000000  -79.770566547  -27.813530640
    0.410000000  -80.032522154  -25.609213959
    0.420000000  -80.276740544  -23.957949549
    0.430000000  -80.508832555  -23.249501721
    0.440000000  -80.737256689  -23.284399944
    0.450000000  -80.968942302  -23.851969334
    0.460000000  -81.207229267  -24.868135152
    0.470000000  -81.456057249  -25.998689914
    0.480000000  -81.716142464  -27.025283510
    0.490000000  -81.986326393  -27.673996573
    0.500000000  -82.261353406  -27.879199662
    0.510000000  -82.534350271  -27.489634805
    0.520000000  -82.798648868  -26.078652476
    0.530000000  -83.046090715  -23.837831810
    0.540000000  -83.263967804  -20.706525102
    0.550000000  -83.447351559  -17.104829750
    0.560000000  -83.595410906  -13.253450288
    0.570000000  -83.705518914   -9.927613928
    0.580000000  -83.786906532   -7.864747628
    0.590000000  -83.856983997   -7.362354208
    0.600000000  -83.932465809   -8.967610829
    0.610000000  -84.033845710  -12.567134549
    0.620000000  -84.178227986  -17.564887232
    0.630000000  -84.377023301  -23.163893843
    0.640000000  -84.630192380  -28.204702367
    0.650000000  -84.927258079  -31.648500075
    0.660000000  -85.245800213  -32.713977914
    0.670000000  -85.563119227  -30.983559112
    0.680000000  -85.847041470  -26.490046926
    0.690000000  -86.074846032  -19.902619443
    0.700000000  -86.231330275  -12.392354520
    0.710000000  -86.314865008   -5.509850235
    0.720000000  -86.336512547   -0.358210804
    0.730000000  -86.322465530    1.791892774
    0.740000000  -86.304326475    0.569283242
    0.750000000  -86.312685954   -3.927664995
    0.760000000  -86.376705592  -10.417752859
    0.770000000  -86.510929270  -17.547673932
    0.780000000  -86.714792278  -23.722439174
    0.790000000  -86.971875659  -27.907782711
    0.800000000  -87.257050645  -29.529396060
    0.810000000  -87.541364151  -28.219357014
    0.820000000  -87.801117190  -24.611208593
    0.830000000  -88.017558814  -19.635658226
    0.840000000  -88.183143243  -14.510453775
    0.850000000  -88.303012432  -10.407578264
    0.860000000  -88.387447428   -7.900710767
    0.870000000  -88.454227081   -6.993512568
    0.880000000  -88.518472138   -7.408222032
    0.890000000  -88.591290791   -8.146883845
    0.900000000  -88.669397926   -8.781788858
    0.910000000  -88.750255231   -8.141070888
    0.920000000  -88.817905852   -6.243222705
    0.930000000  -88.860121239   -3.093049731
    0.940000000  -88.866811130    1.060438347
    0.950000000  -88.831020893    5.283342936
    0.960000000  -88.754923057    8.958781272
    0.970000000  -88.646471023   11.233839569
    0.980000000  -88.523511102   11.674771374
    0.990000000  -88.406474328   10.278868845
    1.000000000  -88.311973359    6.963788062
    1.010000000  -88.258215869    2.330040565
    1.020000000  -88.258025419   -3.440859877
    1.030000000  -88.315919422   -9.304221400
    1.040000000  -88.431267494  -15.049549792
    1.050000000  -88.600455726  -19.416993778
    1.060000000  -88.804055059  -21.995784836
    1.070000000  -89.021428186  -22.088108515
    1.080000000  -89.225956743  -19.563145563
    1.090000000  -89.393354892  -14.200553004
    1.100000000  -89.494072040   -7.036335281
    1.110000000  -89.517503092    1.116891690
    1.120000000  -89.460577680    8.775197832
    1.130000000  -89.335947725   14.432922788
    1.140000000  -89.170178532   16.942185659
    1.150000000  -88.998411310   15.889978420
    1.160000000  -88.852398643   11.630412686
    1.170000000  -88.759764691    5.254172762
    1.180000000  -88.736344117   -1.327624724
    1.190000000  -88.774887922   -6.941980619
    1.200000000  -88.853935112   -9.519987222
    1.210000000  -88.944015493   -8.994264630
    1.220000000  -89.009008314   -5.198097266
    1.230000000  -89.027981830    0.809076758
    1.240000000  -88.979988351    7.772053596
    1.250000000  -88.865573893   13.785664521
    1.260000000  -88.698750203   18.044017549
    1.270000000  -88.502827949   19.378770810
    1.280000000  -88.310018411   17.774645718
    1.290000000  -88.146424605   13.551371757
    1.300000000  -88.030391376    7.736871870
    1.310000000  -87.976005274    1.667322657
    1.320000000  -87.979723970   -3.765386170
    1.330000000  -88.033978379   -7.832712661
    1.340000000  -88.121534430  -10.189997114
    1.350000000  -88.224947662  -11.169394551
    1.360000000  -88.330608684  -10.865745363
    1.370000000  -88.428776918   -9.850651383
    1.380000000  -88.515246836   -8.284909638
    1.390000000  -88.582678619   -6.683379211
    1.400000000  -88.635118056   -4.656508583
    1.410000000  -88.662670706   -2.416708812
    1.420000000  -88.667861650    0.210162230
    1.430000000  -88.645722007    2.993352388
    1.440000000  -88.596183882    5.629423480
    1.450000000  -88.524932724    7.286121218
    1.460000000  -88.442757884    7.905956824
    1.470000000  -88.361992142    7.214874242
    1.480000000  -88.292174566    5.515506390
    1.490000000  -88.243774899    3.258612555
    1.500000000  -88.217460325    0.968779196
    1.510000000  -88.210297043   -0.705158809
    1.520000000  -88.216538296   -1.566891850
    1.530000000  -88.226422420   -1.502372667
    1.540000000  -88.231633938   -0.939634011
    1.550000000  -88.232863962   -0.376640237
    1.560000000  -88.227970580   -0.401099228
    1.570000000  -88.230327319   -0.702746583
    1.580000000  -88.237159347   -1.948207137
    1.590000000  -88.259428809   -3.093784494
    1.600000000  -88.288874203   -4.302547579
    1.610000000  -88.327783178   -4.290224338
    1.620000000  -88.357258283   -3.149428187
    1.630000000  -88.371062162   -0.353963059
    1.640000000  -88.351642248    3.266809395
    1.650000000  -88.293395294    6.974776363
    1.660000000  -88.201373440    9.956530762
    1.670000000  -88.086686772   11.587994663
    1.680000000  -87.966476832   11.086212822
    1.690000000  -87.863025932    8.356098998
    1.700000000  -87.795034628    3.559243741
    1.710000000  -87.780640818   -1.994571465
    1.720000000  -87.821068337   -7.339805206
    1.730000000  -87.908791172  -11.082938455
    1.740000000  -88.022773031  -12.183362746
    1.750000000  -88.134051870  -10.402849731
    1.760000000  -88.212090112   -5.782496471
    1.770000000  -88.230680281    0.957220856
    1.780000000  -88.176436718    8.743694545
    1.790000000  -88.046280317   15.834352788
    1.800000000  -87.853113269   21.207691853
    1.810000000  -87.620998328   24.052162625
    1.820000000  -87.372888250   23.663817689
    1.830000000  -87.143096208   20.575300463
    1.840000000  -86.953763990   15.541074887
    1.850000000  -86.819718275    9.976866841
    1.860000000  -86.740834599    4.827331743
    1.870000000  -86.706997084    1.255082883
    1.880000000  -86.698601594   -0.178167471
    1.890000000  -86.690422729    0.967876212
    1.900000000  -86.658680316    4.614019852
    1.910000000  -86.581737130   10.151405050
    1.920000000  -86.441151576   16.715811703
    1.930000000  -86.234056370   23.697501517
    1.940000000  -85.957723279   30.197675109
    1.950000000  -85.621012101   35.393227352
    1.960000000  -85.243255962   38.725851951
    1.970000000  -84.839574332   39.900820881
    1.980000000  -84.437812320   38.642340391
    1.990000000  -84.058676713   35.497919940
    2.000000000  -83.722639206   30.582588100
    2.010000000  -83.441996955   24.559810806
    2.020000000  -83.220057922   18.566708546
    2.030000000  -83.055772236   13.256916471
    2.040000000  -82.935713734    9.837684286
    2.050000000  -82.839214253    8.740562847
    2.060000000  -82.742148870    9.996253915
    2.070000000  -82.618385872   13.498778820
    2.080000000  -82.452700612   18.653946916
    2.090000000  -82.230921379   24.456514973
    2.100000000  -81.950889994   30.208160607
    2.110000000  -81.617507095   35.115450691
    2.120000000  -81.239148160   38.682979118
    2.130000000  -80.832675546   40.901823260
    2.140000000  -80.410367835   42.258916305
    2.150000000  -79.979590189   43.056615892
    2.160000000  -79.538509978   43.737999437
    2.170000000  -79.087305859   45.168345503
    2.180000000  -78.618941914   47.492100544
    2.190000000  -78.122378997   50.775389440
    2.200000000  -77.591807082   54.324464365
    2.210000000  -77.023888377   57.804467518
    2.220000000  -76.425104777   60.779691464
    2.230000000  -75.800700184   62.644325214
    2.240000000  -75.162129002   63.378776143
    2.250000000  -74.521532190   62.885683025
    2.260000000  -73.891490619   61.657879327
    2.270000000  -73.276801195   60.045661813
    2.280000000  -72.677718908   58.244481318
    2.290000000  -72.094813791   56.953902862
    2.300000000  -71.520955485   56.635640746
    2.310000000  -70.944788659   57.894916667
    2.320000000  -70.346849819   61.026583832
    2.330000000  -69.705843573   66.172451980
    2.340000000  -69.004279173   73.863655263
    2.350000000  -68.211203795   82.975207684
    2.360000000  -67.322582838   93.367422871
    2.370000000  -66.329487137  103.069973700
    2.380000000  -65.246728446  110.747397477
    2.390000000  -64.104317954  115.376964242
    2.400000000  -62.934205395  115.865417383
    2.410000000  -61.779508661  112.731341746
    2.420000000  -60.670018045  107.309957191
    2.430000000  -59.614936945  102.111267007
    2.440000000  -58.597423549  100.916569516
    2.450000000  -57.555128767  107.250595398
    2.460000000  -56.394893060  124.621248956
    2.470000000  -54.997320127  155.348902511
    2.480000000  -53.225325223  199.220413655
    2.490000000  -50.959455877  253.969612523
    2.500000000  -48.111097450  314.565947684
    2.510000000  -44.654224789  374.622372676
    2.520000000  -40.628650746  426.797750218
    2.530000000  -36.147596374  464.613634635
    2.540000000  -31.382135121  483.395612470
    2.550000000  -26.533508265  480.732993195
    2.560000000  -21.818486652  457.708852294
    2.570000000  -17.422554722  417.210538140
    2.580000000  -13.497744579  364.581248155
    2.590000000  -10.136420774  305.621914393
    2.600000000   -7.372773657  245.876898505
    2.610000000   -5.192188472  190.049870390
    2.620000000   -3.536170814  141.015242874
    2.630000000   -2.328977148  100.564533197
    2.640000000   -1.482587597   68.938980613
    2.650000000   -0.911278373   45.394374761
    2.660000000   -0.539194635   28.617868239
    2.670000000   -0.306219002   17.225854590
    2.680000000   -0.165400765    9.802926051
    2.690000000   -0.083600641    5.184699442
    2.700000000   -0.037495005    2.404901762
    2.710000000   -0.014081200    0.922699267
    2.720000000   -0.003939647    0.258068414
    2.730000000   -0.001447439    0.097587283
    2.740000000   -0.000507310    0.035424594
    2.750000000   -0.000000000   -0.000000000
    2.760000000   -0.000000000   -0.000000000
    2.770000000   -0.000000000   -0.000000000
    2.780000000   -0.000000000   -0.000000000
    2.790000000   -0.000000000   -0.000000000
    2.800000000   -0.000000000   -0.000000000
    2.810000000   -0.000000000   -0.000000000
    2.820000000   -0.000000000   -0.000000000
    2.830000000   -0.000000000   -0.000000000
    2.840000000   -0.000000000   -0.000000000
    2.850000000   -0.000000000   -0.000000000
    2.860000000   -0.000000000   -0.000000000
    2.870000000   -0.000000000   -0.000000000
    2.880000000   -0.000000000   -0.000000000
    2.890000000   -0.000000000   -0.000000000
    2.900000000   -0.000000000   -0.000000000
    2.910000000   -0.000000000   -0.000000000
    2.920000000   -0.000000000   -0.000000000
    2.930000000   -0.000000000   -0.000000000
    2.940000000   -0.000000000   -0.000000000
    2.950000000   -0.000000000   -0.000000000
    2.960000000   -0.000000000   -0.000000000
    2.970000000   -0.000000000   -0.000000000
    2.980000000   -0.000000000   -0.000000000
    2.990000000   -0.000000000   -0.000000000
    3.000000000   -0.000000000   -0.000000000
