#! FIELDS cv1 file.free der_cv1
#! SET min_cv1 0
#! SET max_cv1 3.0
#! SET nbins_cv1  301
#! SET periodic_cv1 false
    0.000000000  -10.069291948 -235.916076443
    0.010000000  -12.568353443 -262.268002567
    0.020000000  -15.297071523 -281.658583023
    0.030000000  -18.178147205 -292.369896808
    0.040000000  -21.116722405 -293.288077519
    0.050000000  -24.015758726 -284.544857982
    0.060000000  -26.784104627 -267.331170004
    0.070000000  -29.346061066 -243.684423709
    0.080000000  -31.650771612 -216.286536260
    0.090000000  -33.675216536 -187.966080694
    0.100000000  -35.421559198 -161.121253303
    0.110000000  -36.915232579 -137.595659957
    0.120000000  -38.193913744 -118.259358584
    0.130000000  -39.300506040 -103.164882023
    0.140000000  -40.275867418  -91.781649750
    0.150000000  -41.151387963  -83.130492058
    0.160000000  -41.950223802  -76.331783887
    0.170000000  -42.687405660  -70.758445191
    0.180000000  -43.375803867  -66.324578898
    0.190000000  -44.024461558  -63.040652722
    0.200000000  -44.646182054  -61.245586567
    0.210000000  -45.258989480  -61.151839678
    0.220000000  -45.877227266  -62.572104989
    0.230000000  -46.514322308  -65.090011075
    0.240000000  -47.178019619  -67.825058595
    0.250000000  -47.867310189  -69.738007514
    0.260000000  -48.567238018  -70.181552159
    0.270000000  -49.259513988  -68.656759092
    0.280000000  -49.925079508  -64.826114163
    0.290000000  -50.547624603  -59.231002396
    0.300000000  -51.107054236  -52.854500099
    0.310000000  -51.602598788  -46.410072246
    0.320000000  -52.034951263  -40.656329037
    0.330000000  -52.415069628  -35.890590161
    0.340000000  -52.754476999  -32.204805470
    0.350000000  -53.060006588  -29.703893219
    0.360000000  -53.345504266  -27.890441950
    0.370000000  -53.615800950  -26.645807534
    0.380000000  -53.875887039  -25.981360739
    0.390000000  -54.132712998  -25.702519180
    0.400000000  -54.388254451  -26.085893047
    0.410000000  -54.651355743  -26.923872536
    0.420000000  -54.925340404  -28.397491706
    0.430000000  -55.218301591  -30.644218081
    0.440000000  -55.536389017  -33.319347487
    0.450000000  -55.881152560  -36.184784090
    0.460000000  -56.253435722  -38.917965064
    0.470000000  -56.651325898  -41.215226687
    0.480000000  -57.068696139  -42.811992327
    0.490000000  -57.497850533  -43.420024530
    0.500000000  -57.928841545  -42.918739424
    0.510000000  -58.347964307  -41.267681406
    0.520000000  -58.743169177  -38.199821693
    0.530000000  -59.103303201  -33.924817897
    0.540000000  -59.413632176  -28.601931404
    0.550000000  -59.667231939  -22.958274954
    0.560000000  -59.865840795  -17.328224393
    0.570000000  -60.012070691  -12.726572408
    0.580000000  -60.119507474   -9.998330286
    0.590000000  -60.211480783   -9.328648959
    0.600000000  -60.308252372  -11.116860356
    0.610000000  -60.434159078  -14.955890591
    0.620000000  -60.605144222  -19.940789722
    0.630000000  -60.828143474  -25.196426625
    0.640000000  -61.099642416  -29.431439925
    0.650000000  -61.404946535  -31.747181047
    0.660000000  -61.719156746  -31.610149123
    0.670000000  -62.021196760  -28.782666387
    0.680000000  -62.281094223  -23.610242507
    0.690000000  -62.480416061  -16.813582350
    0.700000000  -62.608833359   -9.481151177
    0.710000000  -62.665991220   -2.865710090
    0.720000000  -62.663261902    2.191506035
    0.730000000  -62.623335628    4.780162603
    0.740000000  -62.571240816    4.641898016
    0.750000000  -62.532600233    1.853127469
    0.760000000  -62.530386189   -2.596094528
    0.770000000  -62.577753803   -7.754706762
    0.780000000  -62.676273843  -12.451418484
    0.790000000  -62.818398297  -15.838236765
    0.800000000  -62.984231187  -17.617005892
    0.810000000  -63.155019663  -17.312518667
    0.820000000  -63.315719559  -15.316887902
    0.830000000  -63.451107703  -12.403628215
    0.840000000  -63.556479356   -9.547769919
    0.850000000  -63.638515117   -7.629319484
    0.860000000  -63.706844938   -7.130541816
    0.870000000  -63.776997601   -8.100872363
    0.880000000  -63.863057920  -10.244943327
    0.890000000  -63.975021306  -12.707063039
    0.900000000  -64.108022203  -14.977785551
    0.910000000  -64.260569298  -16.011520576
    0.920000000  -64.416096244  -15.675449275
    0.930000000  -64.561208075  -13.830245619
    0.940000000  -64.681892630  -10.738765068
    0.950000000  -64.767862174   -7.048139769
    0.960000000  -64.815955861   -3.223033877
    0.970000000  -64.828400073   -0.084829631
    0.980000000  -64.813022938    1.918650312
    0.990000000  -64.783734438    2.810787403
    1.000000000  -64.751905247    2.351519343
    1.010000000  -64.729786437    0.963188184
    1.020000000  -64.728245134   -1.460383885
    1.030000000  -64.752300239   -4.230502557
    1.040000000  -64.805349074   -7.387038700
    1.050000000  -64.888813731   -9.915682295
    1.060000000  -64.993746311  -11.561221877
    1.070000000  -65.107596863  -11.693719964
    1.080000000  -65.214170022   -9.976102616
    1.090000000  -65.294492846   -6.129253380
    1.100000000  -65.325154464   -0.799822736
    1.110000000  -65.297427388    5.478301624
    1.120000000  -65.206961054   11.479885383
    1.130000000  -65.063213367   15.959106482
    1.140000000  -64.887593035   17.810572894
    1.150000000  -64.710978750   16.457930437
    1.160000000  -64.561388339   12.051021300
    1.170000000  -64.467233514    5.445434482
    1.180000000  -64.445697373   -1.776847001
    1.190000000  -64.494729927   -8.572351213
    1.200000000  -64.600873418  -13.055558098
    1.210000000  -64.739096449  -14.900960993
    1.220000000  -64.878655382  -13.765916348
    1.230000000  -64.996620255  -10.161287503
    1.240000000  -65.068951197   -4.919991853
    1.250000000  -65.086829057    0.537638264
    1.260000000  -65.051268832    5.607672850
    1.270000000  -64.971112451    9.400954089
    1.280000000  -64.861791166   11.472054329
    1.290000000  -64.740312056   11.837043971
    1.300000000  -64.618223605   10.945274552
    1.310000000  -64.509447446    9.514942380
    1.320000000  -64.416966643    7.873169251
    1.330000000  -64.342857891    6.314402158
    1.340000000  -64.283608955    4.872890638
    1.350000000  -64.239377840    3.365724728
    1.360000000  -64.209719958    1.889285488
    1.370000000  -64.194564243    0.136605504
    1.380000000  -64.198555342   -1.444288249
    1.390000000  -64.215030312   -2.938782998
    1.400000000  -64.245211303   -3.595127106
    1.410000000  -64.274435244   -3.354974929
    1.420000000  -64.297333465   -1.790195486
    1.430000000  -64.299267754    0.654463710
    1.440000000  -64.273062896    3.657126740
    1.450000000  -64.218799417    6.232065681
    1.460000000  -64.141990372    8.098571954
    1.470000000  -64.053351454    8.742098614
    1.480000000  -63.964129144    8.194537065
    1.490000000  -63.885610496    6.763827858
    1.500000000  -63.822799879    4.963451781
    1.510000000  -63.777185279    3.393892740
    1.520000000  -63.745136282    2.182601886
    1.530000000  -63.721686193    1.689832820
    1.540000000  -63.699029561    1.659435194
    1.550000000  -63.679103973    1.707725040
    1.560000000  -63.657007546    1.428386048
    1.570000000  -63.642907988    0.967893551
    1.580000000  -63.634499550   -0.141116422
    1.590000000  -63.638397007   -1.194457085
    1.600000000  -63.650880151   -2.289558591
    1.610000000  -63.671948762   -2.483713700
    1.620000000  -63.686112127   -1.703847828
    1.630000000  -63.688578733    0.582624247
    1.640000000  -63.663838644    3.906556263
    1.650000000  -63.600847009    7.758239829
    1.660000000  -63.498982562   11.584587699
    1.670000000  -63.361031701   14.954917698
    1.680000000  -63.196520679   17.015877340
    1.690000000  -63.019141980   17.447637946
    1.700000000  -62.845073039   16.073932374
    1.710000000  -62.691770446   13.558412356
    1.720000000  -62.566677739   10.281980813
    1.730000000  -62.475295293    7.313730099
    1.740000000  -62.409559670    5.324780550
    1.750000000  -62.357981905    4.635280143
    1.760000000  -62.305115400    5.437436848
    1.770000000  -62.235376212    7.539596124
    1.780000000  -62.141505733   10.317855031
    1.790000000  -62.020720971   12.886171877
    1.800000000  -61.877510656   14.646298274
    1.810000000  -61.724721523   15.221030020
    1.820000000  -61.570912078   14.101564874
    1.830000000  -61.436299310   11.766322235
    1.840000000  -61.329077741    8.601946603
    1.850000000  -61.253838068    5.546929156
    1.860000000  -61.205874233    3.307106784
    1.870000000  -61.174571939    2.613093523
    1.880000000  -61.141312419    3.668891965
    1.890000000  -61.086856798    6.594637086
    1.900000000  -60.994991373   11.162806633
    1.910000000  -60.854207917   16.612399126
    1.920000000  -60.655380711   21.892675647
    1.930000000  -60.409320633   26.533796220
    1.940000000  -60.122288290   29.595508840
    1.950000000  -59.813726049   30.596905572
    1.960000000  -59.508261472   29.398991097
    1.970000000  -59.222401770   25.948781425
    1.980000000  -58.982411668   20.673495422
    1.990000000  -58.801255503   14.644495647
    2.000000000  -58.682912847    8.448966660
    2.010000000  -58.622373212    3.215951856
    2.020000000  -58.601685045    0.342785654
    2.030000000  -58.595926592    0.444228379
    2.040000000  -58.570534870    4.501630573
    2.050000000  -58.484943416   12.231259391
    2.060000000  -58.307507485   22.937130921
    2.070000000  -58.010408573   35.489937011
    2.080000000  -57.586725898   48.244042825
    2.090000000  -57.041704740   59.287493659
    2.100000000  -56.400353883   67.319827407
    2.110000000  -55.699579178   71.235070335
    2.120000000  -54.980260251   70.640828914
    2.130000000  -54.287273384   66.141120737
    2.140000000  -53.656138007   59.180393061
    2.150000000  -53.100551589   51.239076883
    2.160000000  -52.619219194   44.069759353
    2.170000000  -52.198122170   39.601528734
    2.180000000  -51.805501335   38.755433212
    2.190000000  -51.401317201   41.881835019
    2.200000000  -50.950062836   48.108095762
    2.210000000  -50.423065136   56.494750308
    2.220000000  -49.807157004   65.776863248
    2.230000000  -49.099986510   74.434939101
    2.240000000  -48.313368823   81.310164487
    2.250000000  -47.470026095   85.537327463
    2.260000000  -46.599509263   86.917425484
    2.270000000  -45.730243760   85.522682736
    2.280000000  -44.887634505   81.468663200
    2.290000000  -44.095473532   75.632488085
    2.300000000  -43.365920730   69.003364327
    2.310000000  -42.703401957   62.816889313
    2.320000000  -42.095991285   58.169164734
    2.330000000  -41.522565312   56.054801096
    2.340000000  -40.955518951   57.482249618
    2.350000000  -40.351770418   62.199148074
    2.360000000  -39.686130422   70.522569419
    2.370000000  -38.922843996   81.092842072
    2.380000000  -38.045284307   92.818352060
    2.390000000  -37.051297252  104.689793762
    2.400000000  -35.942287012  115.298188095
    2.410000000  -34.736787316  124.324834692
    2.420000000  -33.451131875  131.638007472
    2.430000000  -32.097925922  137.605390544
    2.440000000  -30.688364254  143.479096869
    2.450000000  -29.215719110  150.126950287
    2.460000000  -27.666624545  158.512455522
    2.470000000  -26.023893537  169.335606737
    2.480000000  -24.262650699  182.101152200
    2.490000000  -22.369078848  195.858089337
    2.500000000  -20.340225852  208.807370697
    2.510000000  -18.193758719  218.940294412
    2.520000000  -15.968219965  224.347147255
    2.530000000  -13.717661056  223.435328580
    2.540000000  -11.510735256  215.629502195
    2.550000000   -9.415619402  201.069477653
    2.560000000   -7.497753705  181.052316346
    2.570000000   -5.799979144  156.926343717
    2.580000000   -4.354454328  130.979047952
    2.590000000   -3.169770422  105.248507133
    2.600000000   -2.235137885   81.391876819
    2.610000000   -1.525053297   60.529494951
    2.620000000   -1.004915001   43.195050029
    2.630000000   -0.640061988   29.657864381
    2.640000000   -0.394023270   19.604372035
    2.650000000   -0.233337458   12.399317067
    2.660000000   -0.131860492    7.436239505
    2.670000000   -0.071654899    4.276849889
    2.680000000   -0.036145151    2.265990839
    2.690000000   -0.016708793    1.094709152
    2.700000000   -0.006497709    0.440384332
    2.710000000   -0.001626127    0.112772810
    2.720000000   -0.000214336    0.015375325
    2.730000000   -0.000000000   -0.000000000
    2.740000000   -0.000000000   -0.000000000
    2.750000000   -0.000000000   -0.000000000
    2.760000000   -0.000000000   -0.000000000
    2.770000000   -0.000000000   -0.000000000
    2.780000000   -0.000000000   -0.000000000
    2.790000000   -0.000000000   -0.000000000
    2.800000000   -0.000000000   -0.000000000
    2.810000000   -0.000000000   -0.000000000
    2.820000000   -0.000000000   -0.000000000
    2.830000000   -0.000000000   -0.000000000
    2.840000000   -0.000000000   -0.000000000
    2.850000000   -0.000000000   -0.000000000
    2.860000000   -0.000000000   -0.000000000
    2.870000000   -0.000000000   -0.000000000
    2.880000000   -0.000000000   -0.000000000
    2.890000000   -0.000000000   -0.000000000
    2.900000000   -0.000000000   -0.000000000
    2.910000000   -0.000000000   -0.000000000
    2.920000000   -0.000000000   -0.000000000
    2.930000000   -0.000000000   -0.000000000
    2.940000000   -0.000000000   -0.000000000
    2.950000000   -0.000000000   -0.000000000
    2.960000000   -0.000000000   -0.000000000
    2.970000000   -0.000000000   -0.000000000
    2.980000000   -0.000000000   -0.000000000
    2.990000000   -0.000000000   -0.000000000
    3.000000000   -0.000000000   -0.000000000
