#! FIELDS cv1 file.free der_cv1
#! SET min_cv1 0
#! SET max_cv1 3.0
#! SET nbins_cv1  301
#! SET periodic_cv1 false
    0.000000000   -7.929013432 -186.002637499
    0.010000000   -9.908587354 -208.713684606
    0.020000000  -12.093461910 -226.960598609
    0.030000000  -14.433336887 -239.341462955
    0.040000000  -16.861092049 -244.646756778
    0.050000000  -19.305120334 -242.555171470
    0.060000000  -21.693129950 -233.471298178
    0.070000000  -23.959216527 -218.458277718
    0.080000000  -26.053420795 -199.291669164
    0.090000000  -27.944047914 -178.006863678
    0.100000000  -29.618751744 -156.540654540
    0.110000000  -31.086139181 -136.664591521
    0.120000000  -32.366727684 -119.422851865
    0.130000000  -33.490186379 -105.306816494
    0.140000000  -34.488547243  -94.279260369
    0.150000000  -35.389555269  -85.823723523
    0.160000000  -36.216314831  -79.355202114
    0.170000000  -36.985852374  -74.343090424
    0.180000000  -37.713483618  -70.640964841
    0.190000000  -38.408350014  -68.007544978
    0.200000000  -39.081280936  -66.513207936
    0.210000000  -39.745375646  -66.110453083
    0.220000000  -40.408623869  -66.448273416
    0.230000000  -41.076625282  -67.051507023
    0.240000000  -41.748806746  -67.232053497
    0.250000000  -42.418475648  -66.216586570
    0.260000000  -43.067737509  -63.614618754
    0.270000000  -43.680614538  -59.248118187
    0.280000000  -44.241210313  -53.243200761
    0.290000000  -44.740837065  -46.457307490
    0.300000000  -45.171409664  -39.982017321
    0.310000000  -45.543632957  -34.651914195
    0.320000000  -45.868966199  -31.178129370
    0.330000000  -46.169071586  -29.497914327
    0.340000000  -46.462454015  -29.398319406
    0.350000000  -46.758533683  -30.482953477
    0.360000000  -47.068819900  -31.857831480
    0.370000000  -47.392031420  -33.038973473
    0.380000000  -47.724530671  -33.804065410
    0.390000000  -48.061931573  -33.791146954
    0.400000000  -48.395146460  -33.329376619
    0.410000000  -48.722645403  -32.364947343
    0.420000000  -49.039363026  -31.349395004
    0.430000000  -49.348237747  -30.725030505
    0.440000000  -49.652289608  -30.362352526
    0.450000000  -49.953126547  -30.398767085
    0.460000000  -50.254468665  -30.586465796
    0.470000000  -50.558717930  -30.811729629
    0.480000000  -50.864373510  -30.978104635
    0.490000000  -51.170857029  -30.796964127
    0.500000000  -51.474792969  -30.210300270
    0.510000000  -51.770041445  -29.226409365
    0.520000000  -52.051795912  -27.520710547
    0.530000000  -52.314903038  -25.183101459
    0.540000000  -52.549611435  -22.090619696
    0.550000000  -52.750047849  -18.766274206
    0.560000000  -52.917389348  -15.146078577
    0.570000000  -53.049949529  -11.973124694
    0.580000000  -53.154425157   -9.883221798
    0.590000000  -53.245064761   -9.042701776
    0.600000000  -53.335374181   -9.944078637
    0.610000000  -53.443687987  -12.518415992
    0.620000000  -53.583607610  -16.199413407
    0.630000000  -53.764366963  -20.484936737
    0.640000000  -53.987151398  -24.475734289
    0.650000000  -54.245785687  -27.424456974
    0.660000000  -54.524008325  -28.766195724
    0.670000000  -54.808065299  -28.084318985
    0.680000000  -55.073799384  -25.440385373
    0.690000000  -55.303957078  -21.112483957
    0.700000000  -55.486926321  -15.816735672
    0.710000000  -55.614850832  -10.558188272
    0.720000000  -55.693206192   -6.004004025
    0.730000000  -55.734578325   -3.047863132
    0.740000000  -55.756889228   -2.085857049
    0.750000000  -55.777741059   -3.237508084
    0.760000000  -55.817318125   -5.718859652
    0.770000000  -55.886152357   -8.888335224
    0.780000000  -55.986667590  -11.730493386
    0.790000000  -56.114349434  -13.637738784
    0.800000000  -56.252935715  -14.451131878
    0.810000000  -56.389997427  -13.600295962
    0.820000000  -56.513241560  -11.569795656
    0.830000000  -56.612741189   -8.879838352
    0.840000000  -56.685393725   -6.424205645
    0.850000000  -56.738821471   -4.912577143
    0.860000000  -56.782032439   -4.636273802
    0.870000000  -56.828849301   -5.645478776
    0.880000000  -56.890632813   -7.731516215
    0.890000000  -56.977522826  -10.199836671
    0.900000000  -57.086468059  -12.702721656
    0.910000000  -57.219943890  -14.431142362
    0.920000000  -57.366102683  -15.433838967
    0.930000000  -57.518790988  -15.558030216
    0.940000000  -57.669379268  -14.963150914
    0.950000000  -57.811334216  -13.975228841
    0.960000000  -57.942231465  -12.691945128
    0.970000000  -58.060591937  -11.593482699
    0.980000000  -58.167390392  -10.820010380
    0.990000000  -58.268094443  -10.100789261
    1.000000000  -58.362697813   -9.729055090
    1.010000000  -58.453741423   -9.382052329
    1.020000000  -58.544374378   -9.436525732
    1.030000000  -58.635516917   -9.555697989
    1.040000000  -58.729441613  -10.131108228
    1.050000000  -58.829381077  -10.534499659
    1.060000000  -58.932778124  -10.631057709
    1.070000000  -59.032195888   -9.870609428
    1.080000000  -59.118542149   -7.731309637
    1.090000000  -59.175916195   -3.824461853
    1.100000000  -59.183867883    1.637471492
    1.110000000  -59.130555022    8.295919905
    1.120000000  -59.008177779   15.285954995
    1.130000000  -58.819143028   21.396420692
    1.140000000  -58.579387954   25.490627247
    1.150000000  -58.313631284   26.833803424
    1.160000000  -58.047036423   25.114292847
    1.170000000  -57.810794162   20.754716142
    1.180000000  -57.628218962   14.969469985
    1.190000000  -57.507474254    8.434481595
    1.200000000  -57.448731958    2.815579397
    1.210000000  -57.440263384   -1.558042797
    1.220000000  -57.464531050   -4.159786652
    1.230000000  -57.508414909   -5.024476868
    1.240000000  -57.552875466   -4.547306942
    1.250000000  -57.590248583   -3.559582087
    1.260000000  -57.615767041   -2.270822647
    1.270000000  -57.629577185   -1.182081007
    1.280000000  -57.634260732   -0.530346649
    1.290000000  -57.635120636   -0.299497767
    1.300000000  -57.630428074   -0.187298912
    1.310000000  -57.623741859    0.346797611
    1.320000000  -57.610208540    1.390084859
    1.330000000  -57.586032715    2.961339351
    1.340000000  -57.544331970    4.856946133
    1.350000000  -57.483324513    6.753515430
    1.360000000  -57.403105167    8.630608611
    1.370000000  -57.304789918   10.002752043
    1.380000000  -57.196637953   11.188366413
    1.390000000  -57.075789135   11.905750115
    1.400000000  -56.950636728   12.641972716
    1.410000000  -56.815315585   13.293044325
    1.420000000  -56.675311795   14.068521198
    1.430000000  -56.527704847   14.511929824
    1.440000000  -56.378575279   14.411725133
    1.450000000  -56.236876390   13.015263810
    1.460000000  -56.114989596   10.346187628
    1.470000000  -56.027527763    6.366574791
    1.480000000  -55.984420648    1.501059969
    1.490000000  -55.992187248   -3.541663912
    1.500000000  -56.046466233   -7.954918732
    1.510000000  -56.138523538  -11.084212215
    1.520000000  -56.254907949  -12.676918300
    1.530000000  -56.378572419  -12.590835645
    1.540000000  -56.493201379  -11.355738725
    1.550000000  -56.595373679   -9.507237428
    1.560000000  -56.676454315   -7.807172401
    1.570000000  -56.745158221   -6.354962404
    1.580000000  -56.801674637   -5.756556868
    1.590000000  -56.854749964   -5.475301691
    1.600000000  -56.905698837   -5.607776527
    1.610000000  -56.957782325   -5.298721053
    1.620000000  -57.000585635   -4.495835621
    1.630000000  -57.032990906   -2.624474860
    1.640000000  -57.044468513   -0.068967494
    1.650000000  -57.027366907    2.786178838
    1.660000000  -56.981343421    5.450035736
    1.670000000  -56.911254708    7.677677737
    1.680000000  -56.825268377    8.809249788
    1.690000000  -56.733448213    8.726949111
    1.700000000  -56.647440783    7.384179680
    1.710000000  -56.578343747    5.523522490
    1.720000000  -56.528042874    3.579361111
    1.730000000  -56.495694324    2.438004227
    1.740000000  -56.468920058    2.545423217
    1.750000000  -56.434657223    3.972972830
    1.760000000  -56.378882713    6.758515975
    1.770000000  -56.287860027   10.405923122
    1.780000000  -56.160618325   14.216970230
    1.790000000  -55.998693578   17.188061667
    1.800000000  -55.813359105   18.848231745
    1.810000000  -55.620988256   18.842595485
    1.820000000  -55.435450167   16.914491375
    1.830000000  -55.277813721   13.651611981
    1.840000000  -55.156971895    9.572937051
    1.850000000  -55.076712947    5.714257925
    1.860000000  -55.030284154    2.870402664
    1.870000000  -55.006213654    1.791106332
    1.880000000  -54.982677255    2.623094154
    1.890000000  -54.939324427    5.466333710
    1.900000000  -54.859469566   10.043340889
    1.910000000  -54.729880402   15.538699388
    1.920000000  -54.541332001   20.968805018
    1.930000000  -54.303867588   25.742271882
    1.940000000  -54.024121495   28.966583968
    1.950000000  -53.721075795   30.153367769
    1.960000000  -53.419346553   29.177853375
    1.970000000  -53.134838950   25.998253952
    1.980000000  -52.893465813   21.067893974
    1.990000000  -52.706573053   15.427949281
    2.000000000  -52.577970065    9.812078732
    2.010000000  -52.500566633    5.275724741
    2.020000000  -52.455630901    3.255611005
    2.030000000  -52.416238135    4.405721224
    2.040000000  -52.346354435    9.516198139
    2.050000000  -52.205543185   18.275118825
    2.060000000  -51.963317154   29.885714478
    2.070000000  -51.593738495   43.047582726
    2.080000000  -51.093182896   56.047324866
    2.090000000  -50.471183837   66.919399775
    2.100000000  -49.756577444   74.372619192
    2.110000000  -48.990191039   77.363215853
    2.120000000  -48.215484651   75.635554390
    2.130000000  -47.479087242   69.936494049
    2.140000000  -46.816602491   61.795366423
    2.150000000  -46.240959958   52.648170308
    2.160000000  -45.751443180   44.301207908
    2.170000000  -45.334781954   38.602659941
    2.180000000  -44.959181068   36.394347294
    2.190000000  -44.586621803   38.003285235
    2.200000000  -44.182392245   42.605038789
    2.210000000  -43.718815880   49.378292579
    2.220000000  -43.182165953   57.168227785
    2.230000000  -42.567522080   64.738325433
    2.240000000  -41.881275450   71.079131330
    2.250000000  -41.140071362   75.597855200
    2.260000000  -40.364484325   78.162335603
    2.270000000  -39.573737326   78.775519967
    2.280000000  -38.784951021   77.536473097
    2.290000000  -38.016838080   75.011839968
    2.300000000  -37.277721868   71.671211007
    2.310000000  -36.574332832   68.337282076
    2.320000000  -35.901670682   65.613777256
    2.330000000  -35.249305127   64.172187777
    2.340000000  -34.603475126   64.867564257
    2.350000000  -33.935917210   67.500544481
    2.360000000  -33.233025968   72.707501566
    2.370000000  -32.467401562   79.592372137
    2.380000000  -31.624709849   87.568218069
    2.390000000  -30.700744767   96.150678768
    2.400000000  -29.691070942  104.363458201
    2.410000000  -28.603711376  111.955939746
    2.420000000  -27.445731834  118.737724855
    2.430000000  -26.222248302  124.777492364
    2.440000000  -24.940565986  130.845693256
    2.450000000  -23.595755357  137.309216988
    2.460000000  -22.180340303  144.595772393
    2.470000000  -20.688077382  153.078588235
    2.480000000  -19.107063663  162.145382887
    2.490000000  -17.436887255  171.052030260
    2.500000000  -15.684190843  178.411553386
    2.510000000  -13.871218287  182.853500017
    2.520000000  -12.033766383  183.169380307
    2.530000000  -10.216513618  178.472968457
    2.540000000   -8.471609313  168.661270839
    2.550000000   -6.848541879  154.220763162
    2.560000000   -5.390746476  136.346899223
    2.570000000   -4.122728995  116.152820237
    2.580000000   -3.061081181   95.399255550
    2.590000000   -2.203807194   75.463443105
    2.600000000   -1.537825375   57.530291368
    2.610000000   -1.038760690   42.215027268
    2.620000000   -0.677602862   29.729347823
    2.630000000   -0.427545111   20.168647745
    2.640000000   -0.260606124   13.165078913
    2.650000000   -0.153215774    8.255185714
    2.660000000   -0.085420797    4.869833924
    2.670000000   -0.045703276    2.749042372
    2.680000000   -0.022434395    1.412054812
    2.690000000   -0.010027852    0.657013238
    2.700000000   -0.003759693    0.254025095
    2.710000000   -0.000999238    0.069474424
    2.720000000   -0.000000000   -0.000000000
    2.730000000   -0.000000000   -0.000000000
    2.740000000   -0.000000000   -0.000000000
    2.750000000   -0.000000000   -0.000000000
    2.760000000   -0.000000000   -0.000000000
    2.770000000   -0.000000000   -0.000000000
    2.780000000   -0.000000000   -0.000000000
    2.790000000   -0.000000000   -0.000000000
    2.800000000   -0.000000000   -0.000000000
    2.810000000   -0.000000000   -0.000000000
    2.820000000   -0.000000000   -0.000000000
    2.830000000   -0.000000000   -0.000000000
    2.840000000   -0.000000000   -0.000000000
    2.850000000   -0.000000000   -0.000000000
    2.860000000   -0.000000000   -0.000000000
    2.870000000   -0.000000000   -0.000000000
    2.880000000   -0.000000000   -0.000000000
    2.890000000   -0.000000000   -0.000000000
    2.900000000   -0.000000000   -0.000000000
    2.910000000   -0.000000000   -0.000000000
    2.920000000   -0.000000000   -0.000000000
    2.930000000   -0.000000000   -0.000000000
    2.940000000   -0.000000000   -0.000000000
    2.950000000   -0.000000000   -0.000000000
    2.960000000   -0.000000000   -0.000000000
    2.970000000   -0.000000000   -0.000000000
    2.980000000   -0.000000000   -0.000000000
    2.990000000   -0.000000000   -0.000000000
    3.000000000   -0.000000000   -0.000000000
