#! FIELDS cv1 file.free der_cv1
#! SET min_cv1 0
#! SET max_cv1 3.0
#! SET nbins_cv1  301
#! SET periodic_cv1 false
    0.000000000  -43.940659389 -765.604853811
    0.010000000  -51.601488667 -759.786818523
    0.020000000  -59.035148138 -720.650633829
    0.030000000  -65.927629609 -652.609731726
    0.040000000  -72.027578426 -563.650209453
    0.050000000  -77.176896780 -464.028482671
    0.060000000  -81.319802708 -364.175278522
    0.070000000  -84.501460763 -273.254462149
    0.080000000  -86.851298841 -198.128637665
    0.090000000  -88.540519574 -141.783073047
    0.100000000  -89.761489348 -104.335577557
    0.110000000  -90.694173014  -83.363948044
    0.120000000  -91.483995291  -74.824222953
    0.130000000  -92.229620906  -73.996618379
    0.140000000  -92.986877073  -76.734469263
    0.150000000  -93.776026147  -80.030615654
    0.160000000  -94.594776576  -82.293184514
    0.170000000  -95.430217030  -83.126218700
    0.180000000  -96.267091044  -82.776528666
    0.190000000  -97.096925341  -82.178645275
    0.200000000  -97.912255333  -81.853841933
    0.210000000  -98.722446472  -81.320428109
    0.220000000  -99.519830589  -80.613503366
    0.230000000 -100.311457388  -78.035209156
    0.240000000 -101.066672020  -73.614442246
    0.250000000 -101.767471135  -67.297462356
    0.260000000 -102.393198422  -58.928676864
    0.270000000 -102.929067154  -49.277205949
    0.280000000 -103.370135007  -39.567841099
    0.290000000 -103.720732620  -31.278608716
    0.300000000 -103.995525027  -24.930252302
    0.310000000 -104.218707337  -21.231464060
    0.320000000 -104.415759376  -19.494898984
    0.330000000 -104.604701315  -19.161280656
    0.340000000 -104.790647145  -19.357620596
    0.350000000 -104.977991619  -19.006443479
    0.360000000 -105.157784381  -18.073375731
    0.370000000 -105.323853798  -16.838952658
    0.380000000 -105.479314559  -15.264101910
    0.390000000 -105.622972001  -14.426708813
    0.400000000 -105.764493717  -15.038538007
    0.410000000 -105.917726109  -16.624911987
    0.420000000 -106.089447299  -19.315019954
    0.430000000 -106.288412736  -21.784830840
    0.440000000 -106.509059410  -23.278806312
    0.450000000 -106.736091367  -23.676695571
    0.460000000 -106.960293009  -22.262867113
    0.470000000 -107.166255149  -19.635376336
    0.480000000 -107.338866700  -16.221818373
    0.490000000 -107.477036312  -13.112846890
    0.500000000 -107.587427570  -10.421899346
    0.510000000 -107.675874994   -8.440207297
    0.520000000 -107.751170473   -7.361648399
    0.530000000 -107.819024786   -7.069823360
    0.540000000 -107.879418660   -6.816310921
    0.550000000 -107.937444830   -6.251356132
    0.560000000 -107.986657418   -5.250719716
    0.570000000 -108.023618354   -3.576455576
    0.580000000 -108.047487861   -2.193230667
    0.590000000 -108.059322306   -1.312088234
    0.600000000 -108.065425589   -1.404916165
    0.610000000 -108.077430940   -2.140517416
    0.620000000 -108.098607356   -3.909373669
    0.630000000 -108.142691973   -6.010252421
    0.640000000 -108.207738633   -7.976574515
    0.650000000 -108.287937577   -9.452603523
    0.660000000 -108.378759096  -10.420887730
    0.670000000 -108.478692040  -10.506527345
    0.680000000 -108.577695525  -10.842562736
    0.690000000 -108.682190953  -11.594967299
    0.700000000 -108.801175452  -13.761900745
    0.710000000 -108.948103350  -17.312592161
    0.720000000 -109.142318579  -22.328635617
    0.730000000 -109.386252285  -27.908040447
    0.740000000 -109.684403675  -33.262534821
    0.750000000 -110.031726960  -37.141216507
    0.760000000 -110.407513480  -38.752606885
    0.770000000 -110.781540171  -37.495676516
    0.780000000 -111.131563782  -33.239640033
    0.790000000 -111.426156679  -26.766298420
    0.800000000 -111.646591598  -18.721750710
    0.810000000 -111.787315231  -10.271624817
    0.820000000 -111.842498152   -2.513498697
    0.830000000 -111.827181425    4.092375277
    0.840000000 -111.752516082    9.045721414
    0.850000000 -111.638146973   12.829563563
    0.860000000 -111.483820151   15.556765755
    0.870000000 -111.310567735   17.885165047
    0.880000000 -111.115799888   20.108623993
    0.890000000 -110.898687305   21.812738386
    0.900000000 -110.665291479   22.651446302
    0.910000000 -110.431125092   22.626234312
    0.920000000 -110.208433856   20.458121055
    0.930000000 -110.016158614   16.301423558
    0.940000000 -109.875457646   10.833874149
    0.950000000 -109.789416553    4.274959802
    0.960000000 -109.768767008   -1.677808331
    0.970000000 -109.799462345   -5.841151707
    0.980000000 -109.863408618   -7.272363715
    0.990000000 -109.924487900   -5.744999338
    1.000000000 -109.955047419   -1.748905983
    1.010000000 -109.932475873    4.411492769
    1.020000000 -109.848464250   11.285210570
    1.030000000 -109.698996495   16.992759756
    1.040000000 -109.499535818   20.994428470
    1.050000000 -109.274277619   22.274624630
    1.060000000 -109.051864466   20.708143902
    1.070000000 -108.856709989   16.441900828
    1.080000000 -108.715916045   10.457935145
    1.090000000 -108.631926435    3.708440522
    1.100000000 -108.619410811   -2.200819218
    1.110000000 -108.660925816   -7.193794939
    1.120000000 -108.746867927  -10.944060172
    1.130000000 -108.861584508  -13.342203972
    1.140000000 -108.997961519  -14.640789264
    1.150000000 -109.141439661  -15.656764061
    1.160000000 -109.294930566  -16.749248666
    1.170000000 -109.461312090  -17.893488639
    1.180000000 -109.637129662  -19.247459542
    1.190000000 -109.828842721  -20.206756803
    1.200000000 -110.030227550  -20.789579883
    1.210000000 -110.231710217  -20.545053755
    1.220000000 -110.420001907  -18.851927073
    1.230000000 -110.591344170  -15.932828550
    1.240000000 -110.724545182  -12.699139625
    1.250000000 -110.825386909   -9.112039888
    1.260000000 -110.898158855   -6.523875184
    1.270000000 -110.952325422   -5.548853021
    1.280000000 -111.004593537   -6.435214620
    1.290000000 -111.075202375   -9.534043368
    1.300000000 -111.186060689  -14.288494463
    1.310000000 -111.351721619  -19.751769730
    1.320000000 -111.571736170  -25.273236222
    1.330000000 -111.842614474  -29.983081150
    1.340000000 -112.150677134  -32.937440807
    1.350000000 -112.480188819  -34.368078978
    1.360000000 -112.815717547  -33.988034628
    1.370000000 -113.145102652  -32.966047259
    1.380000000 -113.466369281  -31.903552247
    1.390000000 -113.778190104  -31.872182835
    1.400000000 -114.096001852  -33.526837918
    1.410000000 -114.438670221  -36.268738210
    1.420000000 -114.813004281  -40.101351779
    1.430000000 -115.229279796  -43.955053434
    1.440000000 -115.675659685  -46.527680663
    1.450000000 -116.134824861  -47.136112642
    1.460000000 -116.592772037  -44.791109645
    1.470000000 -117.014667580  -40.254399368
    1.480000000 -117.382746932  -34.379920490
    1.490000000 -117.689090790  -28.753565518
    1.500000000 -117.946235228  -24.402090343
    1.510000000 -118.175976917  -22.920808043
    1.520000000 -118.403501985  -24.268486051
    1.530000000 -118.656405365  -28.385104646
    1.540000000 -118.963366590  -34.321372985
    1.550000000 -119.335524521  -40.731495189
    1.560000000 -119.764628410  -46.236228431
    1.570000000 -120.239185122  -50.212287298
    1.580000000 -120.743467100  -51.869071186
    1.590000000 -121.256949040  -51.178771468
    1.600000000 -121.754431075  -49.522672237
    1.610000000 -122.230537434  -46.766216474
    1.620000000 -122.679670573  -43.749880858
    1.630000000 -123.095006074  -41.082054419
    1.640000000 -123.484028761  -38.460369951
    1.650000000 -123.849929773  -35.542434080
    1.660000000 -124.184564342  -32.814455321
    1.670000000 -124.491157423  -30.147814266
    1.680000000 -124.772442817  -27.923120143
    1.690000000 -125.031766735  -25.824428565
    1.700000000 -125.274564353  -24.477144349
    1.710000000 -125.510870736  -23.681750770
    1.720000000 -125.739599759  -23.774616628
    1.730000000 -125.976016108  -24.106794045
    1.740000000 -126.210835066  -24.477311847
    1.750000000 -126.445278721  -24.002424474
    1.760000000 -126.671692746  -22.354991070
    1.770000000 -126.869517408  -19.183684995
    1.780000000 -127.033332829  -14.351619543
    1.790000000 -127.138907639   -8.055461515
    1.800000000 -127.173131643   -0.592309047
    1.810000000 -127.133902377    7.681562092
    1.820000000 -127.006704691   16.015103784
    1.830000000 -126.798825485   23.417478685
    1.840000000 -126.522731863   29.777892978
    1.850000000 -126.193742970   34.366637789
    1.860000000 -125.827808524   36.787528963
    1.870000000 -125.448245582   37.085855959
    1.880000000 -125.073431919   35.448166616
    1.890000000 -124.720917631   33.147744855
    1.900000000 -124.398613567   30.504077860
    1.910000000 -124.096696734   28.288721844
    1.920000000 -123.809404683   27.092546883
    1.930000000 -123.530613190   27.739756411
    1.940000000 -123.235733420   29.492730547
    1.950000000 -122.916935495   32.529006910
    1.960000000 -122.564940344   36.293981206
    1.970000000 -122.170726919   40.159353836
    1.980000000 -121.740784421   44.105336777
    1.990000000 -121.272697032   47.490235560
    2.000000000 -120.771437254   50.796455654
    2.010000000 -120.236827248   54.069669168
    2.020000000 -119.666358603   57.913657763
    2.030000000 -119.057166860   62.103185086
    2.040000000 -118.403744899   66.791818227
    2.050000000 -117.702394439   71.563682337
    2.060000000 -116.952026040   76.835846218
    2.070000000 -116.148275991   82.008635461
    2.080000000 -115.292432950   87.152824107
    2.090000000 -114.389823504   92.080093364
    2.100000000 -113.433677919   96.739859975
    2.110000000 -112.430937325  101.242707241
    2.120000000 -111.388701510  105.537922920
    2.130000000 -110.302992345  109.282184015
    2.140000000 -109.184044662  112.735021055
    2.150000000 -108.029776639  115.287658050
    2.160000000 -106.853992679  117.653817313
    2.170000000 -105.656994624  119.871481756
    2.180000000 -104.438606717  121.892666226
    2.190000000 -103.197064422  125.035514071
    2.200000000 -101.914447085  128.998017886
    2.210000000 -100.585212177  134.996896524
    2.220000000  -99.185043563  142.719135881
    2.230000000  -97.699973512  152.584376017
    2.240000000  -96.108477470  163.621427862
    2.250000000  -94.402503235  175.304313146
    2.260000000  -92.582543696  186.661649207
    2.270000000  -90.652229752  196.449187508
    2.280000000  -88.634131423  204.646581611
    2.290000000  -86.543197309  210.800704359
    2.300000000  -84.400051934  215.398216241
    2.310000000  -82.212948655  219.357150494
    2.320000000  -79.983889313  224.062500600
    2.330000000  -77.700323741  230.627062135
    2.340000000  -75.337602712  239.912439138
    2.350000000  -72.867334194  252.213170307
    2.360000000  -70.257948665  267.078505427
    2.370000000  -67.490542268  283.952165659
    2.380000000  -64.550770343  301.538028105
    2.390000000  -61.439190486  318.678697088
    2.400000000  -58.162453184  334.020877330
    2.410000000  -54.743332303  347.168579812
    2.420000000  -51.201765124  357.621885667
    2.430000000  -47.569691273  366.019446254
    2.440000000  -43.864985585  372.204205780
    2.450000000  -40.109676240  376.306883048
    2.460000000  -36.323019519  377.926289779
    2.470000000  -32.536521723  376.948462192
    2.480000000  -28.778174680  372.211734461
    2.490000000  -25.088850682  362.740773560
    2.500000000  -21.520685790  347.920192237
    2.510000000  -18.129969616  327.393092974
    2.520000000  -14.972355507  301.263413567
    2.530000000  -12.101638213  270.494680819
    2.540000000   -9.556610591  236.339362755
    2.550000000   -7.360272334  200.407629377
    2.560000000   -5.525349964  165.028019490
    2.570000000   -4.036374971  131.642360083
    2.580000000   -2.866790549  101.662619014
    2.590000000   -1.976248798   75.837536712
    2.600000000   -1.321667794   54.661576152
    2.610000000   -0.855350866   37.939286551
    2.620000000   -0.536910963   25.474472499
    2.630000000   -0.324541407   16.381161840
    2.640000000   -0.188882263   10.100062930
    2.650000000   -0.106003015    5.990030546
    2.660000000   -0.056910253    3.386388968
    2.670000000   -0.027246954    1.682316128
    2.680000000   -0.012404851    0.795112443
    2.690000000   -0.005265145    0.350440196
    2.700000000   -0.001463365    0.098688804
    2.710000000   -0.000507221    0.035509093
    2.720000000   -0.000000000   -0.000000000
    2.730000000   -0.000000000   -0.000000000
    2.740000000   -0.000000000   -0.000000000
    2.750000000   -0.000000000   -0.000000000
    2.760000000   -0.000000000   -0.000000000
    2.770000000   -0.000000000   -0.000000000
    2.780000000   -0.000000000   -0.000000000
    2.790000000   -0.000000000   -0.000000000
    2.800000000   -0.000000000   -0.000000000
    2.810000000   -0.000000000   -0.000000000
    2.820000000   -0.000000000   -0.000000000
    2.830000000   -0.000000000   -0.000000000
    2.840000000   -0.000000000   -0.000000000
    2.850000000   -0.000000000   -0.000000000
    2.860000000   -0.000000000   -0.000000000
    2.870000000   -0.000000000   -0.000000000
    2.880000000   -0.000000000   -0.000000000
    2.890000000   -0.000000000   -0.000000000
    2.900000000   -0.000000000   -0.000000000
    2.910000000   -0.000000000   -0.000000000
    2.920000000   -0.000000000   -0.000000000
    2.930000000   -0.000000000   -0.000000000
    2.940000000   -0.000000000   -0.000000000
    2.950000000   -0.000000000   -0.000000000
    2.960000000   -0.000000000   -0.000000000
    2.970000000   -0.000000000   -0.000000000
    2.980000000   -0.000000000   -0.000000000
    2.990000000   -0.000000000   -0.000000000
    3.000000000   -0.000000000   -0.000000000
