#! FIELDS cv1 file.free der_cv1
#! SET min_cv1 0
#! SET max_cv1 3.0
#! SET nbins_cv1  301
#! SET periodic_cv1 false
    0.000000000  -18.925679139 -379.519542922
    0.010000000  -22.836709985 -399.901876155
    0.020000000  -26.883338939 -406.486805786
    0.030000000  -30.924162172 -398.754743821
    0.040000000  -34.820198060 -377.739651429
    0.050000000  -38.450079791 -345.901305183
    0.060000000  -41.720447057 -306.591070437
    0.070000000  -44.576399068 -263.735236820
    0.080000000  -47.005174004 -221.372969609
    0.090000000  -49.024169679 -182.503460681
    0.100000000  -50.680509552 -149.304860703
    0.110000000  -52.040190885 -122.980214016
    0.120000000  -53.172099559 -103.484785333
    0.130000000  -54.137093670  -89.707160998
    0.140000000  -54.986885803  -80.284309583
    0.150000000  -55.757978827  -73.743742251
    0.160000000  -56.473350489  -68.880164535
    0.170000000  -57.147949961  -65.074684919
    0.180000000  -57.786734753  -61.809620917
    0.190000000  -58.395724556  -59.130081415
    0.200000000  -58.975448066  -57.089468239
    0.210000000  -59.536858686  -55.257297346
    0.220000000  -60.078434017  -53.795415244
    0.230000000  -60.607446335  -51.951117428
    0.240000000  -61.113458515  -49.477915131
    0.250000000  -61.591092724  -46.505436665
    0.260000000  -62.033621760  -42.871772048
    0.270000000  -62.437824896  -38.883697520
    0.280000000  -62.806095685  -35.085956682
    0.290000000  -63.141455516  -32.364241397
    0.300000000  -63.451556084  -30.438431446
    0.310000000  -63.746741502  -29.348467170
    0.320000000  -64.031182553  -28.111064037
    0.330000000  -64.301825619  -25.943049917
    0.340000000  -64.540628630  -22.198438057
    0.350000000  -64.732717452  -16.371900519
    0.360000000  -64.856996735   -8.956093632
    0.370000000  -64.900645320   -1.104897536
    0.380000000  -64.870790966    6.381523367
    0.390000000  -64.775600304   11.704876582
    0.400000000  -64.643607238   13.622813889
    0.410000000  -64.510145958   12.018099579
    0.420000000  -64.408806096    6.880136524
    0.430000000  -64.372088936   -0.689542921
    0.440000000  -64.419020673   -9.530307248
    0.450000000  -64.553700230  -18.598778696
    0.460000000  -64.776010265  -26.577304653
    0.470000000  -65.072901327  -32.810698919
    0.480000000  -65.418994860  -36.883569702
    0.490000000  -65.792697121  -38.747821436
    0.500000000  -66.175131500  -37.921211908
    0.510000000  -66.538326336  -34.717408504
    0.520000000  -66.859529200  -29.455660835
    0.530000000  -67.120724239  -22.678838794
    0.540000000  -67.300965737  -14.734215306
    0.550000000  -67.400797715   -6.309902718
    0.560000000  -67.416749334    1.749347285
    0.570000000  -67.358498521    8.798210309
    0.580000000  -67.243772591   13.215720710
    0.590000000  -67.099816094   14.564606157
    0.600000000  -66.957977709   12.324341915
    0.610000000  -66.856681432    7.050922600
    0.620000000  -66.818623138   -0.974227453
    0.630000000  -66.870739874  -10.343386526
    0.640000000  -67.019277654  -19.683500633
    0.650000000  -67.253590248  -27.637685112
    0.660000000  -67.554904390  -33.321802509
    0.670000000  -67.898762570  -35.423740692
    0.680000000  -68.245910668  -34.379027632
    0.690000000  -68.566241358  -30.172330917
    0.700000000  -68.833399424  -23.836568842
    0.710000000  -69.029115791  -16.023185392
    0.720000000  -69.146686876   -7.888410398
    0.730000000  -69.180819265    0.077214662
    0.740000000  -69.138465946    7.136309459
    0.750000000  -69.032386919   12.950323373
    0.760000000  -68.875722604   17.367437727
    0.770000000  -68.681561969   20.064658233
    0.780000000  -68.470100487   21.103516142
    0.790000000  -68.258208196   20.244416438
    0.800000000  -68.061449038   17.714014876
    0.810000000  -67.900375221   13.583768871
    0.820000000  -67.786397421    8.336792170
    0.830000000  -67.727783335    2.712422096
    0.840000000  -67.722440166   -2.645780632
    0.850000000  -67.767442134   -6.495372440
    0.860000000  -67.835293223   -8.219993993
    0.870000000  -67.911982280   -7.375258694
    0.880000000  -67.967755525   -3.999462513
    0.890000000  -67.978640022    1.213619195
    0.900000000  -67.928248656    7.205323933
    0.910000000  -67.822415602   13.362088088
    0.920000000  -67.660399149   17.835597139
    0.930000000  -67.462365720   20.333243723
    0.940000000  -67.253206584   20.837378926
    0.950000000  -67.045922890   18.904822422
    0.960000000  -66.866873006   15.629017044
    0.970000000  -66.725410481   11.640018984
    0.980000000  -66.626513413    7.675095238
    0.990000000  -66.564341389    4.281055605
    1.000000000  -66.530708993    1.611050366
    1.010000000  -66.517003396   -0.133030478
    1.020000000  -66.521238690   -1.177167137
    1.030000000  -66.534938823   -2.363793044
    1.040000000  -66.560733975   -3.682100252
    1.050000000  -66.601935622   -5.625742233
    1.060000000  -66.668625461   -8.217994469
    1.070000000  -66.762252144  -11.515579766
    1.080000000  -66.890853976  -14.866044659
    1.090000000  -67.047239416  -17.848487299
    1.100000000  -67.230855305  -19.386864912
    1.110000000  -67.424641377  -19.764852737
    1.120000000  -67.615915184  -19.101347705
    1.130000000  -67.796191885  -17.666769287
    1.140000000  -67.961116813  -16.161681596
    1.150000000  -68.113580028  -15.436836635
    1.160000000  -68.264244502  -16.070359465
    1.170000000  -68.430981401  -17.892850737
    1.180000000  -68.620112720  -21.083947636
    1.190000000  -68.844296236  -24.559934378
    1.200000000  -69.104402772  -27.641820967
    1.210000000  -69.389163842  -29.387216165
    1.220000000  -69.675957317  -28.920927734
    1.230000000  -69.950656825  -26.004571174
    1.240000000  -70.181560987  -21.387654165
    1.250000000  -70.361062342  -15.448008072
    1.260000000  -70.484700092   -9.708382216
    1.270000000  -70.557033483   -5.314641219
    1.280000000  -70.591490100   -3.033033226
    1.290000000  -70.616288616   -3.271298606
    1.300000000  -70.655309274   -5.668881002
    1.310000000  -70.727636857   -9.424161085
    1.320000000  -70.839083891  -13.542617596
    1.330000000  -70.989240659  -17.020921082
    1.340000000  -71.164339629  -18.892112241
    1.350000000  -71.350834592  -19.090239336
    1.360000000  -71.529668953  -17.578723084
    1.370000000  -71.691931926  -15.289327915
    1.380000000  -71.833139529  -13.305297812
    1.390000000  -71.956663035  -12.518998897
    1.400000000  -72.081500547  -13.724051436
    1.410000000  -72.227834114  -16.596462982
    1.420000000  -72.410144331  -20.861626868
    1.430000000  -72.641201878  -25.739984682
    1.440000000  -72.914196141  -29.581050825
    1.450000000  -73.213958935  -31.438985586
    1.460000000  -73.521372382  -30.313796933
    1.470000000  -73.804704136  -26.356107491
    1.480000000  -74.036584294  -20.535512792
    1.490000000  -74.205994783  -14.437728330
    1.500000000  -74.317187767   -9.254481028
    1.510000000  -74.393601279   -6.886067971
    1.520000000  -74.460893605   -7.992820547
    1.530000000  -74.555531543  -12.563337882
    1.540000000  -74.713255048  -20.014967833
    1.550000000  -74.954942740  -28.960118811
    1.560000000  -75.283383753  -37.418939321
    1.570000000  -75.687054239  -44.299151235
    1.580000000  -76.147103855  -48.135597092
    1.590000000  -76.629055143  -48.171986702
    1.600000000  -77.094264611  -45.277688950
    1.610000000  -77.516736602  -39.461142088
    1.620000000  -77.873425327  -32.047270045
    1.630000000  -78.149111350  -24.185289789
    1.640000000  -78.346384104  -16.470380304
    1.650000000  -78.471725012   -9.114996847
    1.660000000  -78.528132706   -3.257386896
    1.670000000  -78.530712144    1.392043242
    1.680000000  -78.493589940    4.434637138
    1.690000000  -78.432873710    6.390468026
    1.700000000  -78.360450449    6.815301621
    1.710000000  -78.293146924    5.956258217
    1.720000000  -78.240287429    3.374377921
    1.730000000  -78.224339519   -0.531318539
    1.740000000  -78.249737646   -5.660065405
    1.750000000  -78.328310890  -11.341788815
    1.760000000  -78.466740247  -16.797138827
    1.770000000  -78.650049563  -21.414014056
    1.780000000  -78.879005340  -24.437920365
    1.790000000  -79.126086259  -25.416251946
    1.800000000  -79.368889480  -24.338994856
    1.810000000  -79.593917682  -20.936623598
    1.820000000  -79.773007074  -15.873572320
    1.830000000  -79.895357022  -10.054714632
    1.840000000  -79.959386340   -3.985296074
    1.850000000  -79.968148309    1.529788593
    1.860000000  -79.924777213    5.797469203
    1.870000000  -79.844088162    9.123251451
    1.880000000  -79.733707328   11.286181806
    1.890000000  -79.601885887   13.660713845
    1.900000000  -79.447609010   16.795087352
    1.910000000  -79.253118405   21.299720102
    1.920000000  -79.001534728   27.707370558
    1.930000000  -78.680594332   36.517152464
    1.940000000  -78.259803204   46.765681254
    1.950000000  -77.727979063   58.065585442
    1.960000000  -77.085963117   69.466698528
    1.970000000  -76.331282100   79.619531431
    1.980000000  -75.485432117   87.952410573
    1.990000000  -74.570314333   93.241726133
    2.000000000  -73.615262174   95.751044676
    2.010000000  -72.647931261   95.473211227
    2.020000000  -71.696850093   93.276360243
    2.030000000  -70.774555891   89.446441813
    2.040000000  -69.894837431   85.326238560
    2.050000000  -69.055032949   81.475010902
    2.060000000  -68.245600840   79.332692179
    2.070000000  -67.446844420   79.486584016
    2.080000000  -66.632703046   82.643296191
    2.090000000  -65.773682264   88.763551351
    2.100000000  -64.836396198   97.342167678
    2.110000000  -63.802414696  107.700640626
    2.120000000  -62.665526835  118.269247916
    2.130000000  -61.426436982  127.336981413
    2.140000000  -60.112630030  133.950141112
    2.150000000  -58.746292600  136.433261068
    2.160000000  -57.375886240  135.344945044
    2.170000000  -56.034518250  130.972122715
    2.180000000  -54.747342778  124.550740797
    2.190000000  -53.529485507  118.194899151
    2.200000000  -52.365576201  113.292909571
    2.210000000  -51.236164732  111.801568845
    2.220000000  -50.096653304  114.639229063
    2.230000000  -48.905728753  122.796701300
    2.240000000  -47.610096297  135.718055242
    2.250000000  -46.164926922  152.287848914
    2.260000000  -44.541483217  171.391279088
    2.270000000  -42.720972879  191.007539751
    2.280000000  -40.707777122  209.706917081
    2.290000000  -38.519016956  226.010298283
    2.300000000  -36.182523052  238.808390512
    2.310000000  -33.736767971  247.794491738
    2.320000000  -31.222088139  253.170089069
    2.330000000  -28.670801940  255.105246590
    2.340000000  -26.115377522  254.324889256
    2.350000000  -23.580545355  251.329347143
    2.360000000  -21.082549793  246.088090994
    2.370000000  -18.648569852  239.199160434
    2.380000000  -16.294451429  230.145710410
    2.390000000  -14.042690811  218.606801232
    2.400000000  -11.919613601  204.439372464
    2.410000000   -9.951354662  187.682972587
    2.420000000   -8.160460894  168.585144600
    2.430000000   -6.570317295  148.160298587
    2.440000000   -5.188358918  127.050270815
    2.450000000   -4.016085148  106.213574029
    2.460000000   -3.046391802   86.558556550
    2.470000000   -2.265751417   68.913224542
    2.480000000   -1.652055465   53.619967002
    2.490000000   -1.178403838   40.621969196
    2.500000000   -0.822410207   30.028874211
    2.510000000   -0.561843477   21.710354349
    2.520000000   -0.374653915   15.294289118
    2.530000000   -0.244739097   10.576245059
    2.540000000   -0.154289853    7.013192506
    2.550000000   -0.094055578    4.483838484
    2.560000000   -0.055129612    2.747210646
    2.570000000   -0.032237923    1.700276893
    2.580000000   -0.017394233    0.955699144
    2.590000000   -0.009404197    0.544638141
    2.600000000   -0.005169082    0.319337341
    2.610000000   -0.002733488    0.179441160
    2.620000000   -0.000918788    0.061558271
    2.630000000   -0.000460845    0.032719721
    2.640000000   -0.000000000   -0.000000000
    2.650000000   -0.000000000   -0.000000000
    2.660000000   -0.000000000   -0.000000000
    2.670000000   -0.000000000   -0.000000000
    2.680000000   -0.000000000   -0.000000000
    2.690000000   -0.000000000   -0.000000000
    2.700000000   -0.000000000   -0.000000000
    2.710000000   -0.000000000   -0.000000000
    2.720000000   -0.000000000   -0.000000000
    2.730000000   -0.000000000   -0.000000000
    2.740000000   -0.000000000   -0.000000000
    2.750000000   -0.000000000   -0.000000000
    2.760000000   -0.000000000   -0.000000000
    2.770000000   -0.000000000   -0.000000000
    2.780000000   -0.000000000   -0.000000000
    2.790000000   -0.000000000   -0.000000000
    2.800000000   -0.000000000   -0.000000000
    2.810000000   -0.000000000   -0.000000000
    2.820000000   -0.000000000   -0.000000000
    2.830000000   -0.000000000   -0.000000000
    2.840000000   -0.000000000   -0.000000000
    2.850000000   -0.000000000   -0.000000000
    2.860000000   -0.000000000   -0.000000000
    2.870000000   -0.000000000   -0.000000000
    2.880000000   -0.000000000   -0.000000000
    2.890000000   -0.000000000   -0.000000000
    2.900000000   -0.000000000   -0.000000000
    2.910000000   -0.000000000   -0.000000000
    2.920000000   -0.000000000   -0.000000000
    2.930000000   -0.000000000   -0.000000000
    2.940000000   -0.000000000   -0.000000000
    2.950000000   -0.000000000   -0.000000000
    2.960000000   -0.000000000   -0.000000000
    2.970000000   -0.000000000   -0.000000000
    2.980000000   -0.000000000   -0.000000000
    2.990000000   -0.000000000   -0.000000000
    3.000000000   -0.000000000   -0.000000000
