#! FIELDS cv1 file.free der_cv1
#! SET min_cv1 0
#! SET max_cv1 3.0
#! SET nbins_cv1  301
#! SET periodic_cv1 false
    0.000000000  -16.657561757 -342.682218539
    0.010000000  -20.201047551 -363.504182892
    0.020000000  -23.891480193 -371.847960861
    0.030000000  -27.598842573 -366.916826412
    0.040000000  -31.193048490 -349.395021259
    0.050000000  -34.558159315 -321.364098332
    0.060000000  -37.600878930 -285.709348940
    0.070000000  -40.264628389 -246.107692555
    0.080000000  -42.530232183 -206.313290784
    0.090000000  -44.408130434 -169.257109650
    0.100000000  -45.937387969 -137.122273230
    0.110000000  -47.177512398 -111.273939559
    0.120000000  -48.192559474  -91.883176931
    0.130000000  -49.041428154  -78.110515744
    0.140000000  -49.775197954  -68.760657718
    0.150000000  -50.432203142  -62.515455775
    0.160000000  -51.037264043  -58.173228847
    0.170000000  -51.608507958  -55.144869613
    0.180000000  -52.152235077  -52.803638943
    0.190000000  -52.676008938  -51.114798869
    0.200000000  -53.181826741  -50.126956084
    0.210000000  -53.679739010  -49.546060633
    0.220000000  -54.171060916  -49.519176823
    0.230000000  -54.665661607  -49.377966733
    0.240000000  -55.156031346  -48.948143437
    0.250000000  -55.640492190  -48.247303496
    0.260000000  -56.113285199  -47.214367126
    0.270000000  -56.574402087  -45.812303712
    0.280000000  -57.024690845  -44.411190309
    0.290000000  -57.463634473  -43.693461250
    0.300000000  -57.894977976  -43.104541413
    0.310000000  -58.321111606  -42.729804341
    0.320000000  -58.740363779  -41.486846540
    0.330000000  -59.142170519  -38.744094252
    0.340000000  -59.505266758  -34.023318806
    0.350000000  -59.810594347  -27.151158606
    0.360000000  -60.038391812  -18.822352484
    0.370000000  -60.177712235  -10.275534780
    0.380000000  -60.237471716   -2.437766167
    0.390000000  -60.229630925    3.023726955
    0.400000000  -60.183553804    5.194757376
    0.410000000  -60.132544825    4.128394798
    0.420000000  -60.105381616    0.087781104
    0.430000000  -60.129389694   -5.631660940
    0.440000000  -60.213913723  -11.989796559
    0.450000000  -60.357957270  -17.853530533
    0.460000000  -60.554574829  -22.125342880
    0.470000000  -60.787663079  -24.428234557
    0.480000000  -61.031679712  -24.709986883
    0.490000000  -61.267339503  -23.274540089
    0.500000000  -61.482159097  -19.990133717
    0.510000000  -61.658453741  -15.405493272
    0.520000000  -61.785231013  -10.081151189
    0.530000000  -61.858230795   -4.510979437
    0.540000000  -61.867855249    0.977704576
    0.550000000  -61.827144922    6.034403275
    0.560000000  -61.740068715   10.126663263
    0.570000000  -61.619139821   12.955670331
    0.580000000  -61.483767127   13.386033414
    0.590000000  -61.356482261   11.221066143
    0.600000000  -61.262841057    6.181848192
    0.610000000  -61.232985695   -1.031197654
    0.620000000  -61.281974877  -10.099163263
    0.630000000  -61.427185939  -19.766109430
    0.640000000  -61.668362554  -28.701574312
    0.650000000  -61.988160874  -35.595755459
    0.660000000  -62.361351855  -39.619754054
    0.670000000  -62.758270605  -39.513132752
    0.680000000  -63.132982786  -35.762477905
    0.690000000  -63.451555251  -28.379535807
    0.700000000  -63.683852378  -18.499383295
    0.710000000  -63.808125131   -7.050749393
    0.720000000  -63.817819160    4.638674276
    0.730000000  -63.711531509   15.612041665
    0.740000000  -63.503056000   24.861938609
    0.750000000  -63.213755436   31.760638328
    0.760000000  -62.869070717   35.885099401
    0.770000000  -62.496696631   37.043145583
    0.780000000  -62.127882988   35.412762951
    0.790000000  -61.789884305   31.195601204
    0.800000000  -61.502004539   25.085128637
    0.810000000  -61.283480152   17.721814620
    0.820000000  -61.140842732   10.097891931
    0.830000000  -61.071890329    3.382078234
    0.840000000  -61.059967764   -1.689114492
    0.850000000  -61.088016884   -3.931847338
    0.860000000  -61.117708582   -2.959311461
    0.870000000  -61.125612072    1.244771813
    0.880000000  -61.077981237    8.133346936
    0.890000000  -60.951222431   16.510029248
    0.900000000  -60.734233148   25.046606944
    0.910000000  -60.441773177   32.775874874
    0.920000000  -60.081991371   37.799701962
    0.930000000  -59.685885637   39.814485320
    0.940000000  -59.288573310   38.871764600
    0.950000000  -58.912268651   34.655716713
    0.960000000  -58.589732639   28.461939909
    0.970000000  -58.337039809   21.083399104
    0.980000000  -58.162624253   13.504419247
    0.990000000  -58.060907177    6.492445105
    1.000000000  -58.022980424    0.388314474
    1.010000000  -58.037000710   -4.351112743
    1.020000000  -58.096268299   -7.729754908
    1.030000000  -58.184090568  -10.467976782
    1.040000000  -58.295277761  -12.524849595
    1.050000000  -58.425333536  -14.392328619
    1.060000000  -58.576041305  -16.226905022
    1.070000000  -58.743121881  -18.243708611
    1.080000000  -58.930712112  -19.990143570
    1.090000000  -59.130507786  -21.139990505
    1.100000000  -59.336983641  -20.745975279
    1.110000000  -59.534279967  -18.975525220
    1.120000000  -59.705516293  -15.577789222
    1.130000000  -59.834523145  -10.750204499
    1.140000000  -59.909457513   -4.892641392
    1.150000000  -59.924099743    1.158557519
    1.160000000  -59.878383403    6.772600700
    1.170000000  -59.783417753   11.758550265
    1.180000000  -59.642888478   15.386812158
    1.190000000  -59.471650883   17.916778921
    1.200000000  -59.283365556   19.281848915
    1.210000000  -59.086054428   19.721246372
    1.220000000  -58.883139587   19.534100010
    1.230000000  -58.689614144   18.733476465
    1.240000000  -58.504091192   16.796209136
    1.250000000  -58.344655795   13.868310701
    1.260000000  -58.226442623    9.250289540
    1.270000000  -58.164277228    2.862763877
    1.280000000  -58.168861034   -5.180961108
    1.290000000  -58.261666640  -14.396536915
    1.300000000  -58.449686131  -23.897791561
    1.310000000  -58.731422351  -32.732780127
    1.320000000  -59.093225847  -39.918934964
    1.330000000  -59.515159026  -44.620346178
    1.340000000  -59.966680079  -46.348552837
    1.350000000  -60.421804404  -45.223283499
    1.360000000  -60.852829439  -41.521476059
    1.370000000  -61.241173802  -36.380439969
    1.380000000  -61.577314322  -30.999380476
    1.390000000  -61.859458923  -26.437893079
    1.400000000  -62.104275347  -23.583747484
    1.410000000  -62.328875418  -22.282389518
    1.420000000  -62.548099612  -22.537889949
    1.430000000  -62.779122535  -23.882685280
    1.440000000  -63.022119896  -25.149659175
    1.450000000  -63.272502494  -25.828139976
    1.460000000  -63.526036858  -25.202182687
    1.470000000  -63.768663017  -23.309661886
    1.480000000  -63.986611087  -21.048808598
    1.490000000  -64.183256641  -19.244846528
    1.500000000  -64.366344805  -18.507171598
    1.510000000  -64.556454680  -20.025443161
    1.520000000  -64.771125748  -24.010878520
    1.530000000  -65.035249962  -29.961179554
    1.540000000  -65.368502644  -37.275998913
    1.550000000  -65.776787165  -44.753588704
    1.560000000  -66.252831001  -50.851087504
    1.570000000  -66.777595967  -54.959416814
    1.580000000  -67.331214970  -56.014983735
    1.590000000  -67.880663878  -53.711763573
    1.600000000  -68.392970568  -49.114981501
    1.610000000  -68.849446475  -42.378845237
    1.620000000  -69.234855927  -34.837536905
    1.630000000  -69.541341400  -27.613763546
    1.640000000  -69.779055881  -21.202356332
    1.650000000  -69.961848145  -15.691117546
    1.660000000  -70.095831056  -12.088566277
    1.670000000  -70.200685700   -9.966281707
    1.680000000  -70.291123755   -9.470453548
    1.690000000  -70.382445238   -9.881718370
    1.700000000  -70.483409056  -11.267492166
    1.710000000  -70.604015079  -13.284065204
    1.720000000  -70.746276578  -16.116224301
    1.730000000  -70.922660526  -19.417274659
    1.740000000  -71.130560984  -22.981604083
    1.750000000  -71.372353343  -26.322498790
    1.760000000  -71.647729989  -28.903844182
    1.770000000  -71.936628329  -30.323719702
    1.780000000  -72.237989040  -29.981092161
    1.790000000  -72.524667954  -27.685130238
    1.800000000  -72.776183546  -23.760207933
    1.810000000  -72.984315169  -18.123120998
    1.820000000  -73.127850163  -11.572077155
    1.830000000  -73.204466047   -5.181119058
    1.840000000  -73.221361420    0.652638986
    1.850000000  -73.188142102    5.233115358
    1.860000000  -73.114991247    8.113748333
    1.870000000  -73.019361206    9.988288729
    1.880000000  -72.907319093   10.958589282
    1.890000000  -72.784623372   12.372666624
    1.900000000  -72.645808099   15.060619118
    1.910000000  -72.469574270   19.535606186
    1.920000000  -72.235723843   26.208798306
    1.930000000  -71.928768818   35.192098203
    1.940000000  -71.521639601   45.446731237
    1.950000000  -71.004651806   56.503610214
    1.960000000  -70.381423467   67.433636283
    1.970000000  -69.650332164   77.034474620
    1.980000000  -68.832289906   85.014702895
    1.990000000  -67.947825923   90.200191712
    2.000000000  -67.022335187   92.923095522
    2.010000000  -66.082258843   92.973187917
    2.020000000  -65.155956577   90.771156941
    2.030000000  -64.261977722   86.402114243
    2.040000000  -63.419098763   80.880834688
    2.050000000  -62.633689194   74.964134412
    2.060000000  -61.902895529   70.236622133
    2.070000000  -61.208528838   67.945505592
    2.080000000  -60.519461034   69.336687878
    2.090000000  -59.796853367   75.068473300
    2.100000000  -58.992259693   84.889657049
    2.110000000  -58.069201224   98.229561722
    2.120000000  -57.005888308  113.250588010
    2.130000000  -55.790619120  127.660296668
    2.140000000  -54.445140550  139.945940768
    2.150000000  -52.992961975  147.744744294
    2.160000000  -51.487475402  151.074739041
    2.170000000  -49.971782684  150.012473285
    2.180000000  -48.483454172  145.647976445
    2.190000000  -47.048457514  140.361270489
    2.200000000  -45.660787773  135.664283830
    2.210000000  -44.309036859  133.812238801
    2.220000000  -42.954302649  135.850044202
    2.230000000  -41.557768473  142.720186074
    2.240000000  -40.072073526  153.902629533
    2.250000000  -38.457997577  168.180307727
    2.260000000  -36.691325846  184.060982353
    2.270000000  -34.764550513  199.660593816
    2.280000000  -32.689015867  213.419114456
    2.290000000  -30.491504257  224.073104426
    2.300000000  -28.205632124  230.657440993
    2.310000000  -25.874152751  233.105071681
    2.320000000  -23.539947203  231.901747339
    2.330000000  -21.234451523  227.358565145
    2.340000000  -18.988499764  220.346139153
    2.350000000  -16.824468187  211.509828884
    2.360000000  -14.752561351  200.784525561
    2.370000000  -12.797143715  189.127086226
    2.380000000  -10.965218080  176.170450540
    2.390000000   -9.268860086  161.879620179
    2.400000000   -7.721380202  146.425275961
    2.410000000   -6.333343912  130.082410362
    2.420000000   -5.110476773  113.197094007
    2.430000000   -4.057134958   96.512574659
    2.440000000   -3.167686564   80.502521368
    2.450000000   -2.432418640   65.691521899
    2.460000000   -1.837473275   52.488428290
    2.470000000   -1.366305909   41.160687062
    2.480000000   -1.001406429   31.817548726
    2.490000000   -0.720023719   24.023054454
    2.500000000   -0.508690160   17.827387686
    2.510000000   -0.353190110   13.036807339
    2.520000000   -0.239492520    9.300534102
    2.530000000   -0.159417562    6.546390550
    2.540000000   -0.102844237    4.452336844
    2.550000000   -0.063264716    2.855296835
    2.560000000   -0.038675202    1.848669870
    2.570000000   -0.023567178    1.208477544
    2.580000000   -0.013460516    0.729508720
    2.590000000   -0.007234515    0.411201772
    2.600000000   -0.004019295    0.244025827
    2.610000000   -0.002148070    0.138754307
    2.620000000   -0.000918788    0.061558271
    2.630000000   -0.000460845    0.032719721
    2.640000000   -0.000000000   -0.000000000
    2.650000000   -0.000000000   -0.000000000
    2.660000000   -0.000000000   -0.000000000
    2.670000000   -0.000000000   -0.000000000
    2.680000000   -0.000000000   -0.000000000
    2.690000000   -0.000000000   -0.000000000
    2.700000000   -0.000000000   -0.000000000
    2.710000000   -0.000000000   -0.000000000
    2.720000000   -0.000000000   -0.000000000
    2.730000000   -0.000000000   -0.000000000
    2.740000000   -0.000000000   -0.000000000
    2.750000000   -0.000000000   -0.000000000
    2.760000000   -0.000000000   -0.000000000
    2.770000000   -0.000000000   -0.000000000
    2.780000000   -0.000000000   -0.000000000
    2.790000000   -0.000000000   -0.000000000
    2.800000000   -0.000000000   -0.000000000
    2.810000000   -0.000000000   -0.000000000
    2.820000000   -0.000000000   -0.000000000
    2.830000000   -0.000000000   -0.000000000
    2.840000000   -0.000000000   -0.000000000
    2.850000000   -0.000000000   -0.000000000
    2.860000000   -0.000000000   -0.000000000
    2.870000000   -0.000000000   -0.000000000
    2.880000000   -0.000000000   -0.000000000
    2.890000000   -0.000000000   -0.000000000
    2.900000000   -0.000000000   -0.000000000
    2.910000000   -0.000000000   -0.000000000
    2.920000000   -0.000000000   -0.000000000
    2.930000000   -0.000000000   -0.000000000
    2.940000000   -0.000000000   -0.000000000
    2.950000000   -0.000000000   -0.000000000
    2.960000000   -0.000000000   -0.000000000
    2.970000000   -0.000000000   -0.000000000
    2.980000000   -0.000000000   -0.000000000
    2.990000000   -0.000000000   -0.000000000
    3.000000000   -0.000000000   -0.000000000
