#! FIELDS cv1 file.free der_cv1
#! SET min_cv1 0
#! SET max_cv1 3.0
#! SET nbins_cv1  301
#! SET periodic_cv1 false
    0.000000000  -27.436970777 -530.933682023
    0.010000000  -32.858323531 -549.027666362
    0.020000000  -38.354424302 -545.751190706
    0.030000000  -43.712013074 -521.496371717
    0.040000000  -48.732187484 -478.958994728
    0.050000000  -53.254763955 -422.845577489
    0.060000000  -57.172272665 -358.960089534
    0.070000000  -60.438368598 -293.410188331
    0.080000000  -63.061275095 -231.424665061
    0.090000000  -65.100679323 -177.231773520
    0.100000000  -66.649503570 -133.445269699
    0.110000000  -67.816513377 -100.946597364
    0.120000000  -68.714418673  -79.344950469
    0.130000000  -69.443456859  -67.029198624
    0.140000000  -70.089782982  -62.082919693
    0.150000000  -70.711636260  -61.960471811
    0.160000000  -71.346427274  -64.406081439
    0.170000000  -72.010927813  -67.543427932
    0.180000000  -72.704124720  -69.929230506
    0.190000000  -73.413356831  -70.788130503
    0.200000000  -74.117701039  -69.955509291
    0.210000000  -74.801880450  -67.381802764
    0.220000000  -75.453575978  -63.493241031
    0.230000000  -76.063705199  -59.201363602
    0.240000000  -76.630373273  -54.952414837
    0.250000000  -77.158369894  -51.487084992
    0.260000000  -77.656844081  -49.091905059
    0.270000000  -78.135909317  -47.536217548
    0.280000000  -78.601980510  -46.388080622
    0.290000000  -79.057568753  -45.289954577
    0.300000000  -79.500216596  -43.919809097
    0.310000000  -79.928113659  -42.123846956
    0.320000000  -80.334874578  -40.018176281
    0.330000000  -80.720472129  -37.818470609
    0.340000000  -81.087502297  -35.991128549
    0.350000000  -81.438515900  -34.949224848
    0.360000000  -81.782082745  -35.076036373
    0.370000000  -82.133100857  -35.894508542
    0.380000000  -82.495366266  -37.423349495
    0.390000000  -82.875378295  -39.370621282
    0.400000000  -83.273247495  -41.227672058
    0.410000000  -83.687255367  -42.377929669
    0.420000000  -84.108617517  -42.740370453
    0.430000000  -84.532049102  -42.422928150
    0.440000000  -84.945137370  -41.508999503
    0.450000000  -85.351579962  -40.155794130
    0.460000000  -85.742776579  -38.623152157
    0.470000000  -86.116883001  -37.153938813
    0.480000000  -86.476028865  -35.600142347
    0.490000000  -86.818745241  -33.847310168
    0.500000000  -87.143107111  -31.780413511
    0.510000000  -87.443038025  -29.554404786
    0.520000000  -87.721537994  -27.128288168
    0.530000000  -87.976262505  -24.709010349
    0.540000000  -88.209552343  -22.788335668
    0.550000000  -88.428299771  -21.781459801
    0.560000000  -88.640081708  -21.755231879
    0.570000000  -88.855908591  -22.539720694
    0.580000000  -89.083234775  -23.734528436
    0.590000000  -89.321842440  -24.919105357
    0.600000000  -89.569883627  -25.700394455
    0.610000000  -89.822465492  -25.344078435
    0.620000000  -90.066766231  -24.330805719
    0.630000000  -90.296673895  -22.817733882
    0.640000000  -90.510285023  -21.210675792
    0.650000000  -90.710533434  -19.846628282
    0.660000000  -90.901311092  -19.436317697
    0.670000000  -91.093454978  -19.909879126
    0.680000000  -91.292639403  -21.105796545
    0.690000000  -91.505068276  -22.244985223
    0.700000000  -91.724781017  -22.750180557
    0.710000000  -91.944559756  -22.194500262
    0.720000000  -92.150822696  -20.055550856
    0.730000000  -92.330931108  -16.917061957
    0.740000000  -92.475088198  -13.047432987
    0.750000000  -92.581705770   -9.310473147
    0.760000000  -92.655283716   -6.590993286
    0.770000000  -92.706620015   -5.067145232
    0.780000000  -92.750171120   -4.808583029
    0.790000000  -92.797169490   -5.652824574
    0.800000000  -92.854372589   -7.091845174
    0.810000000  -92.927554597   -8.157066026
    0.820000000  -93.004643182   -8.660590044
    0.830000000  -93.081696646   -7.763993428
    0.840000000  -93.143423360   -5.613959453
    0.850000000  -93.181510547   -2.669180515
    0.860000000  -93.186697261    0.490892077
    0.870000000  -93.162232874    3.028831104
    0.880000000  -93.118444850    4.516501840
    0.890000000  -93.065878992    4.334005205
    0.900000000  -93.023067477    2.921527933
    0.910000000  -93.001272998    0.188574152
    0.920000000  -93.009894984   -3.223521733
    0.930000000  -93.053580712   -6.596469784
    0.940000000  -93.127738022   -9.394327230
    0.950000000  -93.228171777  -11.402227994
    0.960000000  -93.340933361  -12.158741013
    0.970000000  -93.454819233  -11.871890838
    0.980000000  -93.564003815  -10.734479219
    0.990000000  -93.659168544   -9.268166178
    1.000000000  -93.738213321   -7.913317807
    1.010000000  -93.804657210   -6.895772694
    1.020000000  -93.865594357   -6.391284024
    1.030000000  -93.926468256   -6.679730247
    1.040000000  -93.989486076   -7.305368916
    1.050000000  -94.058228969   -7.895578073
    1.060000000  -94.130516283   -7.808854145
    1.070000000  -94.200462352   -6.840248930
    1.080000000  -94.253101880   -4.911288271
    1.090000000  -94.283330549   -1.954342118
    1.100000000  -94.282080816    0.889898481
    1.110000000  -94.256389088    3.394526628
    1.120000000  -94.208539953    4.557874158
    1.130000000  -94.157842978    3.843162715
    1.140000000  -94.124763513    1.350323863
    1.150000000  -94.123634627   -2.470239652
    1.160000000  -94.165399366   -6.942867456
    1.170000000  -94.250515508  -11.098294453
    1.180000000  -94.370952959  -13.902114621
    1.190000000  -94.509223491  -14.652250695
    1.200000000  -94.644374791  -13.332521552
    1.210000000  -94.757318723  -10.225309447
    1.220000000  -94.833743442   -6.252990634
    1.230000000  -94.871495387   -2.078833374
    1.240000000  -94.868171950    1.340663402
    1.250000000  -94.836164067    3.590763499
    1.260000000  -94.787466881    4.467359857
    1.270000000  -94.736907578    4.378674360
    1.280000000  -94.689127147    3.691273181
    1.290000000  -94.648510224    2.940938121
    1.300000000  -94.615076699    2.420746131
    1.310000000  -94.587068042    2.357927935
    1.320000000  -94.557907396    2.189432339
    1.330000000  -94.530626811    2.496842153
    1.340000000  -94.499213264    2.863311954
    1.350000000  -94.461558944    3.302766591
    1.360000000  -94.418977197    4.043612413
    1.370000000  -94.368094685    5.258868198
    1.380000000  -94.300442694    7.198989301
    1.390000000  -94.208859793    9.722383660
    1.400000000  -94.088819709   12.434918029
    1.410000000  -93.944714988   15.215962106
    1.420000000  -93.779350484   16.866579375
    1.430000000  -93.602276361   17.031335020
    1.440000000  -93.432441931   15.057467041
    1.450000000  -93.293244869   11.430003899
    1.460000000  -93.197733309    6.613978699
    1.470000000  -93.150933930    1.207944841
    1.480000000  -93.155082783   -3.343971114
    1.490000000  -93.199161089   -6.179603647
    1.500000000  -93.261459279   -7.166823503
    1.510000000  -93.323123943   -6.317090622
    1.520000000  -93.369007289   -3.840181788
    1.530000000  -93.386203839   -0.723606922
    1.540000000  -93.371405386    2.286172552
    1.550000000  -93.330711196    4.631300052
    1.560000000  -93.271203955    6.055916826
    1.570000000  -93.202757374    6.323533687
    1.580000000  -93.135526778    5.637028453
    1.590000000  -93.077559981    4.280892989
    1.600000000  -93.035383516    2.497723045
    1.610000000  -93.013514548    0.733818038
    1.620000000  -93.010001945   -1.009464552
    1.630000000  -93.021757350   -2.646029019
    1.640000000  -93.049001046   -4.002304712
    1.650000000  -93.088131793   -4.685833550
    1.660000000  -93.131634575   -4.759908697
    1.670000000  -93.172478891   -4.250003616
    1.680000000  -93.203439407   -2.923163826
    1.690000000  -93.214982342   -1.018140977
    1.700000000  -93.204820633    1.588706476
    1.710000000  -93.167959089    4.539494663
    1.720000000  -93.103302555    7.437945116
    1.730000000  -93.009699996    9.874162581
    1.740000000  -92.893942625   11.667688193
    1.750000000  -92.767147259   12.642222247
    1.760000000  -92.634940217   12.678006344
    1.770000000  -92.505694723   11.781064586
    1.780000000  -92.389415588   10.263792964
    1.790000000  -92.288821460    8.200969382
    1.800000000  -92.211221414    6.424778056
    1.810000000  -92.150580420    4.642201726
    1.820000000  -92.105116203    3.203990615
    1.830000000  -92.072304496    2.178248256
    1.840000000  -92.047376748    1.548504216
    1.850000000  -92.027869895    1.280510731
    1.860000000  -92.008670010    1.379503547
    1.870000000  -91.988662886    1.480192673
    1.880000000  -91.966115760    1.800338472
    1.890000000  -91.938667925    2.526529507
    1.900000000  -91.902252416    3.518179458
    1.910000000  -91.854445493    4.821192925
    1.920000000  -91.791874599    6.386049695
    1.930000000  -91.714305530    8.002613318
    1.940000000  -91.618173033    9.582510691
    1.950000000  -91.510779162   10.693403409
    1.960000000  -91.394953868   11.114980615
    1.970000000  -91.279216275   10.716631959
    1.980000000  -91.169422335    9.792316454
    1.990000000  -91.070783992    8.725497374
    2.000000000  -90.982552986    7.996435476
    2.010000000  -90.897050692    7.997016243
    2.020000000  -90.805282480    9.532401899
    2.030000000  -90.687561987   12.691805510
    2.040000000  -90.530626179   17.467349665
    2.050000000  -90.317605595   23.872149227
    2.060000000  -90.037720152   31.213264521
    2.070000000  -89.681306153   38.789249324
    2.080000000  -89.250623803   45.738999109
    2.090000000  -88.756648567   51.479302097
    2.100000000  -88.214072896   55.362939417
    2.110000000  -87.644214977   57.069480965
    2.120000000  -87.067530668   56.350643947
    2.130000000  -86.507921326   53.875742365
    2.140000000  -85.979830698   50.136658981
    2.150000000  -85.492262033   45.887388561
    2.160000000  -85.047849994   41.768639395
    2.170000000  -84.642910594   38.358670272
    2.180000000  -84.265973841   35.932561910
    2.190000000  -83.906629336   34.845990259
    2.200000000  -83.551017754   34.931718596
    2.210000000  -83.188564472   36.296202828
    2.220000000  -82.805694265   38.848839079
    2.230000000  -82.393345889   42.572204119
    2.240000000  -81.938428338   46.931517461
    2.250000000  -81.437295733   51.721145886
    2.260000000  -80.888733313   56.670120709
    2.270000000  -80.292258286   61.189836912
    2.280000000  -79.652578460   64.997842989
    2.290000000  -78.977339462   68.319456117
    2.300000000  -78.272505332   71.050788526
    2.310000000  -77.543420504   74.206610877
    2.320000000  -76.778591996   77.760983922
    2.330000000  -75.975119591   82.242086014
    2.340000000  -75.120479757   87.408028735
    2.350000000  -74.210173999   92.795765505
    2.360000000  -73.249274379   97.158964128
    2.370000000  -72.255116703   99.292380974
    2.380000000  -71.254469862   97.861831928
    2.390000000  -70.288426761   92.594178519
    2.400000000  -69.395028159   84.003120408
    2.410000000  -68.596094685   73.448228149
    2.420000000  -67.900929796   64.245751786
    2.430000000  -67.275160205   59.888610701
    2.440000000  -66.650965037   64.696586097
    2.450000000  -65.917140347   82.348882465
    2.460000000  -64.931187980  115.387689388
    2.470000000  -63.535738746  164.510829638
    2.480000000  -61.575801554  227.727591682
    2.490000000  -58.929463137  300.634535932
    2.500000000  -55.532166350  376.845556379
    2.510000000  -51.389648558  448.518045354
    2.520000000  -46.587054493  507.712126361
    2.530000000  -41.282205873  547.627504200
    2.540000000  -35.692059605  564.055626682
    2.550000000  -30.062515318  555.843829100
    2.560000000  -24.633599990  524.697870716
    2.570000000  -19.613507355  474.878190947
    2.580000000  -15.160952711  412.560204680
    2.590000000  -11.367280717  344.243531313
    2.600000000   -8.261140708  276.044236246
    2.610000000   -5.815180795  212.784806131
    2.620000000   -3.962200202  157.700840327
    2.630000000   -2.611873783  112.416936804
    2.640000000   -1.664761728   77.081235156
    2.650000000   -1.024698469   50.789116888
    2.660000000   -0.609024964   32.183166029
    2.670000000   -0.345340624   19.317147149
    2.680000000   -0.185980079   10.948947859
    2.690000000   -0.093910741    5.784675590
    2.700000000   -0.042312027    2.699178088
    2.710000000   -0.016933565    1.111999942
    2.720000000   -0.006313664    0.428990803
    2.730000000   -0.001569686    0.109225749
    2.740000000   -0.000178748    0.012816168
    2.750000000   -0.000000000   -0.000000000
    2.760000000   -0.000000000   -0.000000000
    2.770000000   -0.000000000   -0.000000000
    2.780000000   -0.000000000   -0.000000000
    2.790000000   -0.000000000   -0.000000000
    2.800000000   -0.000000000   -0.000000000
    2.810000000   -0.000000000   -0.000000000
    2.820000000   -0.000000000   -0.000000000
    2.830000000   -0.000000000   -0.000000000
    2.840000000   -0.000000000   -0.000000000
    2.850000000   -0.000000000   -0.000000000
    2.860000000   -0.000000000   -0.000000000
    2.870000000   -0.000000000   -0.000000000
    2.880000000   -0.000000000   -0.000000000
    2.890000000   -0.000000000   -0.000000000
    2.900000000   -0.000000000   -0.000000000
    2.910000000   -0.000000000   -0.000000000
    2.920000000   -0.000000000   -0.000000000
    2.930000000   -0.000000000   -0.000000000
    2.940000000   -0.000000000   -0.000000000
    2.950000000   -0.000000000   -0.000000000
    2.960000000   -0.000000000   -0.000000000
    2.970000000   -0.000000000   -0.000000000
    2.980000000   -0.000000000   -0.000000000
    2.990000000   -0.000000000   -0.000000000
    3.000000000   -0.000000000   -0.000000000
