#! FIELDS cv1 file.free der_cv1
#! SET min_cv1 0
#! SET max_cv1 3.0
#! SET nbins_cv1  301
#! SET periodic_cv1 false
    0.000000000   -6.798582889 -166.112241836
    0.010000000   -8.577652007 -188.886413864
    0.020000000  -10.570999159 -208.713515352
    0.030000000  -12.743034963 -224.387381024
    0.040000000  -15.046197985 -234.924119489
    0.050000000  -17.426856025 -239.828553158
    0.060000000  -19.828399795 -239.039281190
    0.070000000  -22.195742618 -232.932145457
    0.080000000  -24.476683307 -222.067675264
    0.090000000  -26.628821555 -207.400422550
    0.100000000  -28.620498888 -190.084001717
    0.110000000  -30.430567642 -171.261426868
    0.120000000  -32.049466296 -152.045176786
    0.130000000  -33.478121910 -133.417367642
    0.140000000  -34.729115349 -116.358518351
    0.150000000  -35.818432297 -101.340900316
    0.160000000  -36.769147940  -88.754983211
    0.170000000  -37.608024389  -78.831990181
    0.180000000  -38.359642587  -71.390930228
    0.190000000  -39.049489873  -66.294633087
    0.200000000  -39.695973470  -62.970003102
    0.210000000  -40.316991857  -60.974813030
    0.220000000  -40.920799148  -59.856546466
    0.230000000  -41.516857678  -59.160756738
    0.240000000  -42.104512593  -58.406025576
    0.250000000  -42.684411425  -57.372294842
    0.260000000  -43.252377627  -56.064394667
    0.270000000  -43.803317747  -54.223960299
    0.280000000  -44.332200055  -51.514606255
    0.290000000  -44.829750679  -47.970748432
    0.300000000  -45.286173132  -43.516655436
    0.310000000  -45.693669070  -38.150556966
    0.320000000  -46.043804680  -32.128318790
    0.330000000  -46.332950843  -26.029535281
    0.340000000  -46.564493644  -20.420882705
    0.350000000  -46.743972974  -16.062991228
    0.360000000  -46.887774107  -13.677844321
    0.370000000  -47.019527470  -13.308632034
    0.380000000  -47.159251463  -15.318047374
    0.390000000  -47.329480713  -19.433724366
    0.400000000  -47.547370576  -24.907118401
    0.410000000  -47.823802368  -30.748996798
    0.420000000  -48.157473991  -36.216127217
    0.430000000  -48.541532640  -40.610824019
    0.440000000  -48.957391368  -43.291549614
    0.450000000  -49.392891784  -43.824490388
    0.460000000  -49.823545614  -42.175264476
    0.470000000  -50.226486631  -38.635928735
    0.480000000  -50.585528593  -33.441360164
    0.490000000  -50.886143479  -26.935620916
    0.500000000  -51.117016098  -19.734722015
    0.510000000  -51.274270492  -12.598956921
    0.520000000  -51.363851560   -6.126246441
    0.530000000  -51.395269591   -0.867972850
    0.540000000  -51.383270945    2.424949944
    0.550000000  -51.350209293    3.561886462
    0.560000000  -51.314884745    2.396056163
    0.570000000  -51.302070928   -0.464119918
    0.580000000  -51.324650388   -4.588162382
    0.590000000  -51.391678969   -9.134959517
    0.600000000  -51.502333478  -13.589143499
    0.610000000  -51.655003530  -17.073258933
    0.620000000  -51.837707792  -19.825629110
    0.630000000  -52.043219107  -21.948590305
    0.640000000  -52.267358693  -23.637424436
    0.650000000  -52.509477232  -25.179023270
    0.660000000  -52.767423283  -27.169030062
    0.670000000  -53.047889156  -29.447690911
    0.680000000  -53.351536410  -31.849319805
    0.690000000  -53.678746576  -33.850104205
    0.700000000  -54.019039556  -34.947924597
    0.710000000  -54.365249919  -34.800883907
    0.720000000  -54.701612721  -32.909430618
    0.730000000  -55.012810636  -29.767566186
    0.740000000  -55.287792137  -25.594994712
    0.750000000  -55.519843358  -21.355908399
    0.760000000  -55.711443575  -17.634821038
    0.770000000  -55.870469784  -14.868993855
    0.780000000  -56.007490465  -13.254331738
    0.790000000  -56.133975991  -12.805288601
    0.800000000  -56.259222786  -13.105432724
    0.810000000  -56.390718031  -13.392870398
    0.820000000  -56.521210554  -13.484387505
    0.830000000  -56.649302114  -12.705627742
    0.840000000  -56.764890848  -10.944272253
    0.850000000  -56.860676820   -8.472743979
    0.860000000  -56.927163194   -5.465163232
    0.870000000  -56.964225620   -2.574985470
    0.880000000  -56.974653944   -0.145436988
    0.890000000  -56.963006702    1.418979709
    0.900000000  -56.939797650    2.406840753
    0.910000000  -56.911194753    2.508758296
    0.920000000  -56.884240526    2.104390818
    0.930000000  -56.863801902    1.359335114
    0.940000000  -56.850580971    0.526111607
    0.950000000  -56.847316077   -0.346674289
    0.960000000  -56.850197886   -1.016176096
    0.970000000  -56.857996606   -1.300349409
    0.980000000  -56.868694191   -1.273069325
    0.990000000  -56.878132867   -1.058766507
    1.000000000  -56.882546326   -0.804259751
    1.010000000  -56.884477733   -0.522086785
    1.020000000  -56.885674527   -0.449860929
    1.030000000  -56.889380863   -0.852987799
    1.040000000  -56.897274920   -1.694182903
    1.050000000  -56.914729031   -2.777018001
    1.060000000  -56.942836773   -3.815104075
    1.070000000  -56.982979910   -4.405708546
    1.080000000  -57.021829537   -4.286234505
    1.090000000  -57.055184715   -2.900618196
    1.100000000  -57.070050421   -0.690839296
    1.110000000  -57.060390351    2.413673206
    1.120000000  -57.015311368    5.704221018
    1.130000000  -56.939660000    8.552266666
    1.140000000  -56.839374950   10.479900653
    1.150000000  -56.725571136   11.373630311
    1.160000000  -56.610069828   11.007142230
    1.170000000  -56.502337486    9.640948444
    1.180000000  -56.411401998    7.803305545
    1.190000000  -56.338383345    5.994723645
    1.200000000  -56.283187265    4.291638705
    1.210000000  -56.244033455    2.699729235
    1.220000000  -56.220908824    0.914885201
    1.230000000  -56.220376082   -1.142417613
    1.240000000  -56.240600017   -3.902703367
    1.250000000  -56.291505964   -7.151067896
    1.260000000  -56.375722203  -10.521124156
    1.270000000  -56.492172676  -13.247228256
    1.280000000  -56.629004471  -14.722722301
    1.290000000  -56.771445028  -14.298014085
    1.300000000  -56.899823793  -11.991543169
    1.310000000  -56.998188023   -7.887968175
    1.320000000  -57.048539914   -2.992125522
    1.330000000  -57.048429348    2.418207886
    1.340000000  -56.995160919    7.527513263
    1.350000000  -56.894464480   11.712365772
    1.360000000  -56.757086694   14.831708407
    1.370000000  -56.596078285   16.860827927
    1.380000000  -56.417647059   17.984639671
    1.390000000  -56.230761945   18.263763811
    1.400000000  -56.043041627   17.797617964
    1.410000000  -55.866040259   16.694680614
    1.420000000  -55.707517336   14.534939523
    1.430000000  -55.573700044   11.415332836
    1.440000000  -55.475425797    7.185643814
    1.450000000  -55.422563457    2.772553652
    1.460000000  -55.414718292   -1.454281777
    1.470000000  -55.442185928   -4.949353825
    1.480000000  -55.496696495   -6.711409433
    1.490000000  -55.560255551   -6.193609957
    1.500000000  -55.607511168   -3.785203880
    1.510000000  -55.621351518    0.271725697
    1.520000000  -55.589887549    5.432856049
    1.530000000  -55.506373569   10.528351041
    1.540000000  -55.375102425   14.810413650
    1.550000000  -55.208913624   17.533755907
    1.560000000  -55.024777209   18.383340815
    1.570000000  -54.841674027   17.056170850
    1.580000000  -54.681775955   13.766738788
    1.590000000  -54.562432780    8.841304420
    1.600000000  -54.499704626    2.679880012
    1.610000000  -54.502428344   -3.855072942
    1.620000000  -54.571599186  -10.456618647
    1.630000000  -54.702736727  -16.496529079
    1.640000000  -54.890554878  -21.446754144
    1.650000000  -55.119135023  -24.589851004
    1.660000000  -55.370003135  -25.770583030
    1.670000000  -55.622008687  -24.981799883
    1.680000000  -55.856575738  -22.280440985
    1.690000000  -56.053744650  -18.071590487
    1.700000000  -56.203304964  -12.757885699
    1.710000000  -56.299590207   -7.074256336
    1.720000000  -56.340381001   -1.709235721
    1.730000000  -56.329421977    2.956695155
    1.740000000  -56.275842863    6.533957014
    1.750000000  -56.194375683    9.085509091
    1.760000000  -56.092315630   10.618901435
    1.770000000  -55.979972713   11.343511068
    1.780000000  -55.862333317   11.542498352
    1.790000000  -55.742728436   11.301184170
    1.800000000  -55.627018593   11.257308995
    1.810000000  -55.511843868   10.999531680
    1.820000000  -55.400527439   10.743850256
    1.830000000  -55.292170268   10.118409941
    1.840000000  -55.191669988    9.129697719
    1.850000000  -55.103646436    7.676960279
    1.860000000  -55.031119121    5.916571599
    1.870000000  -54.978827308    3.708948810
    1.880000000  -54.948616131    1.624684016
    1.890000000  -54.937443623    0.001574162
    1.900000000  -54.937762473   -0.855862176
    1.910000000  -54.941124629   -0.493758952
    1.920000000  -54.934590233    1.233781890
    1.930000000  -54.904925852    4.325335917
    1.940000000  -54.835839744    8.668368497
    1.950000000  -54.721162372   13.686068699
    1.960000000  -54.554561960   18.812328738
    1.970000000  -54.337770068   23.387246553
    1.980000000  -54.079286429   27.330128912
    1.990000000  -53.786357449   30.261270700
    2.000000000  -53.470756262   32.120899012
    2.010000000  -53.139321788   32.962555718
    2.020000000  -52.803522331   33.532159443
    2.030000000  -52.460992020   33.905203218
    2.040000000  -52.115644289   34.413940054
    2.050000000  -51.762024393   35.327730087
    2.060000000  -51.398270375   36.906765138
    2.070000000  -51.017059561   38.877558993
    2.080000000  -50.612686881   40.898251943
    2.090000000  -50.188107314   43.031259954
    2.100000000  -49.745090963   44.773865032
    2.110000000  -49.288457796   45.673089811
    2.120000000  -48.827197827   45.344296598
    2.130000000  -48.374993269   43.958276375
    2.140000000  -47.940768445   41.551500225
    2.150000000  -47.534518914   38.628163017
    2.160000000  -47.159419686   35.578514299
    2.170000000  -46.814204393   33.005930307
    2.180000000  -46.489401255   31.309960333
    2.190000000  -46.174386616   31.121232757
    2.200000000  -45.853212191   32.457648217
    2.210000000  -45.510403009   35.461233468
    2.220000000  -45.129592256   39.896010751
    2.230000000  -44.699197844   45.548792073
    2.240000000  -44.208120844   51.559876850
    2.250000000  -43.657904120   57.402289973
    2.260000000  -43.053406999   62.543185623
    2.270000000  -42.403675124   66.387908011
    2.280000000  -41.722240229   68.633965603
    2.290000000  -41.024796728   69.457257129
    2.300000000  -40.325623592   69.115962089
    2.310000000  -39.633131591   68.842293236
    2.320000000  -38.940384700   69.022298272
    2.330000000  -38.239580824   70.623356154
    2.340000000  -37.513209950   73.945558191
    2.350000000  -36.744060125   79.051761808
    2.360000000  -35.917112232   85.345311395
    2.370000000  -35.025239401   91.891937936
    2.380000000  -34.069838187   97.584603969
    2.390000000  -33.065440750  101.805097218
    2.400000000  -32.029826084  104.286176563
    2.410000000  -30.975241097  105.060002789
    2.420000000  -29.916896306  105.539967816
    2.430000000  -28.850259495  107.078515607
    2.440000000  -27.755691104  111.120748396
    2.450000000  -26.602628380  118.997530460
    2.460000000  -25.350165224  131.229593886
    2.470000000  -23.955437474  147.289756449
    2.480000000  -22.386494422  165.821535957
    2.490000000  -20.628156284  184.615754873
    2.500000000  -18.691235757  201.219167200
    2.510000000  -16.610778543  213.147098400
    2.520000000  -14.443501697  218.373744771
    2.530000000  -12.261519980  215.743585479
    2.540000000  -10.144141126  205.259139145
    2.550000000   -8.167401469  188.034745987
    2.560000000   -6.391080330  165.788911560
    2.570000000   -4.852890844  140.498695802
    2.580000000   -3.573998357  114.593210955
    2.590000000   -2.549564516   89.859955870
    2.600000000   -1.761488439   67.835741208
    2.610000000   -1.176743658   49.206755714
    2.620000000   -0.758779705   34.239120764
    2.630000000   -0.472074253   22.870066179
    2.640000000   -0.283570148   14.692078051
    2.650000000   -0.164105749    9.056972374
    2.660000000   -0.091207741    5.341198787
    2.670000000   -0.046122191    2.826708456
    2.680000000   -0.022183127    1.422920498
    2.690000000   -0.008980760    0.597222861
    2.700000000   -0.002994790    0.205816891
    2.710000000   -0.000578396    0.040501097
    2.720000000   -0.000000000   -0.000000000
    2.730000000   -0.000000000   -0.000000000
    2.740000000   -0.000000000   -0.000000000
    2.750000000   -0.000000000   -0.000000000
    2.760000000   -0.000000000   -0.000000000
    2.770000000   -0.000000000   -0.000000000
    2.780000000   -0.000000000   -0.000000000
    2.790000000   -0.000000000   -0.000000000
    2.800000000   -0.000000000   -0.000000000
    2.810000000   -0.000000000   -0.000000000
    2.820000000   -0.000000000   -0.000000000
    2.830000000   -0.000000000   -0.000000000
    2.840000000   -0.000000000   -0.000000000
    2.850000000   -0.000000000   -0.000000000
    2.860000000   -0.000000000   -0.000000000
    2.870000000   -0.000000000   -0.000000000
    2.880000000   -0.000000000   -0.000000000
    2.890000000   -0.000000000   -0.000000000
    2.900000000   -0.000000000   -0.000000000
    2.910000000   -0.000000000   -0.000000000
    2.920000000   -0.000000000   -0.000000000
    2.930000000   -0.000000000   -0.000000000
    2.940000000   -0.000000000   -0.000000000
    2.950000000   -0.000000000   -0.000000000
    2.960000000   -0.000000000   -0.000000000
    2.970000000   -0.000000000   -0.000000000
    2.980000000   -0.000000000   -0.000000000
    2.990000000   -0.000000000   -0.000000000
    3.000000000   -0.000000000   -0.000000000
