#! FIELDS cv1 file.free der_cv1
#! SET min_cv1 0
#! SET max_cv1 3.0
#! SET nbins_cv1  301
#! SET periodic_cv1 false
    0.000000000  -20.326810435 -419.366209928
    0.010000000  -24.659531404 -443.996638344
    0.020000000  -29.161074913 -452.780753346
    0.030000000  -33.666812235 -444.772087579
    0.040000000  -38.010477005 -420.773923126
    0.050000000  -42.044661304 -383.404722326
    0.060000000  -45.654400752 -336.557950174
    0.070000000  -48.768228005 -284.882772732
    0.080000000  -51.358564670 -232.863585682
    0.090000000  -53.444890673 -184.660912796
    0.100000000  -55.082832296 -143.427060967
    0.110000000  -56.351026897 -110.929868373
    0.120000000  -57.340857625  -87.716159774
    0.130000000  -58.141871495  -73.103026777
    0.140000000  -58.836124521  -65.792233805
    0.150000000  -59.484320969  -63.701794033
    0.160000000  -60.128563671  -64.770001325
    0.170000000  -60.792457130  -67.239270395
    0.180000000  -61.481794384  -69.678750217
    0.190000000  -62.191624754  -71.289248772
    0.200000000  -62.908808285  -71.814477472
    0.210000000  -63.622808933  -71.321990807
    0.220000000  -64.328063361  -69.962560403
    0.230000000  -65.018308813  -68.390120330
    0.240000000  -65.691037910  -66.695620867
    0.250000000  -66.348015409  -65.296438651
    0.260000000  -66.992086070  -64.077659419
    0.270000000  -67.623019464  -62.611737541
    0.280000000  -68.235834072  -60.433769239
    0.290000000  -68.823008741  -57.218833697
    0.300000000  -69.371420044  -52.868785743
    0.310000000  -69.872141864  -47.503001135
    0.320000000  -70.314468784  -41.505320490
    0.330000000  -70.696393858  -35.468077758
    0.340000000  -71.022915199  -30.178092956
    0.350000000  -71.302109823  -26.410584169
    0.360000000  -71.551324513  -24.846878320
    0.370000000  -71.796898098  -25.154021440
    0.380000000  -72.055509333  -27.424998610
    0.390000000  -72.344017714  -31.237653412
    0.400000000  -72.673641771  -35.670604840
    0.410000000  -73.047508412  -39.675561726
    0.420000000  -73.456535576  -42.706274364
    0.430000000  -73.890677847  -44.335558654
    0.440000000  -74.328874112  -44.276627427
    0.450000000  -74.762299916  -42.488198967
    0.460000000  -75.169620829  -39.232812168
    0.470000000  -75.536894324  -34.940085526
    0.480000000  -75.856988465  -29.861173006
    0.490000000  -76.124017507  -24.232880856
    0.500000000  -76.333927635  -18.505020113
    0.510000000  -76.485931345  -13.158123093
    0.520000000  -76.588679141   -8.538485566
    0.530000000  -76.651743768   -5.040020225
    0.540000000  -76.687655654   -3.218286423
    0.550000000  -76.715976773   -3.398429868
    0.560000000  -76.754668101   -5.566186128
    0.570000000  -76.824272224   -9.360539487
    0.580000000  -76.938210977  -14.131290951
    0.590000000  -77.100674775  -19.127831242
    0.600000000  -77.310114491  -23.601442615
    0.610000000  -77.559237560  -26.448620688
    0.620000000  -77.828138265  -27.909242363
    0.630000000  -78.102727418  -27.915741382
    0.640000000  -78.371055913  -26.758788994
    0.650000000  -78.626200220  -24.912460210
    0.660000000  -78.862698262  -23.377047057
    0.670000000  -79.087750135  -22.402387619
    0.680000000  -79.305183399  -22.298089500
    0.690000000  -79.525116923  -22.597403260
    0.700000000  -79.747411658  -22.937223240
    0.710000000  -79.972318184  -22.986807509
    0.720000000  -80.193157850  -22.076806047
    0.730000000  -80.402008902  -20.484505689
    0.740000000  -80.590689791  -18.128271631
    0.750000000  -80.755394806  -15.603611342
    0.760000000  -80.895759966  -13.434231352
    0.770000000  -81.016653149  -11.813822289
    0.780000000  -81.125698596  -10.862490201
    0.790000000  -81.228664953  -10.574001962
    0.800000000  -81.329425830  -10.650362998
    0.810000000  -81.432294028  -10.418315745
    0.820000000  -81.527495994   -9.931229389
    0.830000000  -81.614794324   -8.505957387
    0.840000000  -81.684169263   -6.326905211
    0.850000000  -81.731916573   -3.858827268
    0.860000000  -81.753101063   -1.428621987
    0.870000000  -81.752575671    0.342599387
    0.880000000  -81.739518610    1.313046900
    0.890000000  -81.721001935    1.116949807
    0.900000000  -81.708718083    0.224134342
    0.910000000  -81.709518028   -1.346136907
    0.920000000  -81.727449807   -3.234482211
    0.930000000  -81.764576202   -5.080707302
    0.940000000  -81.817759365   -6.714199272
    0.950000000  -81.888587701   -8.170021716
    0.960000000  -81.970563550   -9.276534861
    0.970000000  -82.062216973  -10.211866024
    0.980000000  -82.165474455  -11.071444090
    0.990000000  -82.276971721  -12.060067019
    1.000000000  -82.397620867  -13.313543920
    1.010000000  -82.530931324  -14.664458068
    1.020000000  -82.679794106  -16.044755304
    1.030000000  -82.844537020  -17.530257264
    1.040000000  -83.020315041  -18.737981200
    1.050000000  -83.204563221  -19.301959962
    1.060000000  -83.390149912  -18.813146320
    1.070000000  -83.568429026  -17.225518936
    1.080000000  -83.722147563  -14.598417606
    1.090000000  -83.846355062  -10.934868339
    1.100000000  -83.931386478   -7.278228810
    1.110000000  -83.983154430   -3.793110158
    1.120000000  -84.001631601   -1.418483490
    1.130000000  -84.004590080   -0.531313970
    1.140000000  -84.007316436   -1.266426900
    1.150000000  -84.023653337   -3.218135406
    1.160000000  -84.064463072   -5.899393556
    1.170000000  -84.132501506   -8.630825497
    1.180000000  -84.224171452  -10.509473105
    1.190000000  -84.327444699  -10.948351571
    1.200000000  -84.427414017   -9.879044476
    1.210000000  -84.510023804   -7.460830588
    1.220000000  -84.563896758   -4.414900998
    1.230000000  -84.588866110   -1.190058737
    1.240000000  -84.581733257    1.348644175
    1.250000000  -84.553900383    2.887363789
    1.260000000  -84.515655665    3.198056570
    1.270000000  -84.480924116    2.601351427
    1.280000000  -84.455034567    1.306329692
    1.290000000  -84.443185143   -0.296985331
    1.300000000  -84.448319566   -1.967657967
    1.310000000  -84.472156451   -3.499579522
    1.320000000  -84.510688405   -5.324425481
    1.330000000  -84.567880326   -6.760187316
    1.340000000  -84.637489517   -7.933982088
    1.350000000  -84.714218028   -8.608134064
    1.360000000  -84.794711570   -8.355837835
    1.370000000  -84.869159229   -7.089024520
    1.380000000  -84.923560837   -4.608527925
    1.390000000  -84.947407630   -1.278763484
    1.400000000  -84.934143061    2.216549250
    1.410000000  -84.889621337    5.508622953
    1.420000000  -84.820802222    7.324024401
    1.430000000  -84.741321143    7.174885593
    1.440000000  -84.673796254    4.567444150
    1.450000000  -84.643768734    0.261852985
    1.460000000  -84.663586501   -5.128522327
    1.470000000  -84.736602521  -10.742477006
    1.480000000  -84.860152381  -15.049462730
    1.490000000  -85.018445704  -17.092122129
    1.500000000  -85.184301517  -16.739001738
    1.510000000  -85.333649318  -14.034242438
    1.520000000  -85.446617295   -9.291899695
    1.530000000  -85.506973184   -3.585083480
    1.540000000  -85.508043990    2.135652623
    1.550000000  -85.455853177    7.164754506
    1.560000000  -85.358804277   11.009588346
    1.570000000  -85.230903783   13.214229446
    1.580000000  -85.088206666   13.817726735
    1.590000000  -84.945561029   12.997662961
    1.600000000  -84.817510821   11.004455785
    1.610000000  -84.715061895    8.380941340
    1.620000000  -84.641932278    5.351970868
    1.630000000  -84.597848142    2.281014821
    1.640000000  -84.583908936   -0.449062998
    1.650000000  -84.593193883   -2.223953248
    1.660000000  -84.616276242   -2.997000640
    1.670000000  -84.641473421   -2.715682608
    1.680000000  -84.657388681   -1.303462123
    1.690000000  -84.651858127    0.939314535
    1.700000000  -84.620526541    3.959722338
    1.710000000  -84.558655992    7.248595275
    1.720000000  -84.466298942   10.353848572
    1.730000000  -84.343510222   12.844399842
    1.740000000  -84.198273670   14.531303382
    1.750000000  -84.043681706   15.361987422
    1.760000000  -83.885392948   15.241908884
    1.770000000  -83.731949124   14.233074059
    1.780000000  -83.592279703   12.647490270
    1.790000000  -83.468766535   10.578256489
    1.800000000  -83.367745714    8.731353908
    1.810000000  -83.284168825    6.936559457
    1.820000000  -83.215905404    5.612602532
    1.830000000  -83.158863962    4.786395412
    1.840000000  -83.106561650    4.539620233
    1.850000000  -83.055358110    4.827664520
    1.860000000  -82.997597422    5.592271071
    1.870000000  -82.932352947    6.383799374
    1.880000000  -82.858042433    7.317713345
    1.890000000  -82.773492105    8.447545911
    1.900000000  -82.677345740    9.569717843
    1.910000000  -82.570132671   10.727127188
    1.920000000  -82.450860636   11.961652333
    1.930000000  -82.321038965   13.091360912
    1.940000000  -82.177309605   14.091799592
    1.950000000  -82.027933713   14.627086848
    1.960000000  -81.875650297   14.524071197
    1.970000000  -81.728751351   13.592501987
    1.980000000  -81.593397967   12.127742014
    1.990000000  -81.474306128   10.522943799
    2.000000000  -81.371947001    9.188753493
    2.010000000  -81.278240133    8.498296336
    2.020000000  -81.186022132    9.323967503
    2.030000000  -81.074563146   11.662038854
    2.040000000  -80.933113953   15.587651294
    2.050000000  -80.743960738   21.090074057
    2.060000000  -80.496406166   27.649581791
    2.070000000  -80.179600332   34.645471507
    2.080000000  -79.792426883   41.320152378
    2.090000000  -79.342873485   47.176021575
    2.100000000  -78.841927355   51.584814249
    2.110000000  -78.307029403   54.065248781
    2.120000000  -77.756556731   54.238248895
    2.130000000  -77.214608473   52.489953190
    2.140000000  -76.698183638   49.165907978
    2.150000000  -76.220183964   44.968766341
    2.160000000  -75.786872332   40.569680733
    2.170000000  -75.397472824   36.609604816
    2.180000000  -75.041424818   33.658104639
    2.190000000  -74.706984756   32.378282034
    2.200000000  -74.375531157   32.749120977
    2.210000000  -74.031581572   35.014093678
    2.220000000  -73.655231345   39.009151311
    2.230000000  -73.232891781   44.587939416
    2.240000000  -72.748473097   50.872271888
    2.250000000  -72.199961464   57.388460550
    2.260000000  -71.589075463   63.575383552
    2.270000000  -70.921057756   68.646975690
    2.280000000  -70.207759045   72.176864402
    2.290000000  -69.465952647   74.459594139
    2.300000000  -68.708550787   75.415763427
    2.310000000  -67.947140987   76.306612873
    2.320000000  -67.173937956   77.329241621
    2.330000000  -66.387362186   79.327519132
    2.340000000  -65.573225530   82.281098932
    2.350000000  -64.723507492   86.004309120
    2.360000000  -63.836673875   89.544480440
    2.370000000  -62.920026741   91.747835314
    2.380000000  -61.991103492   91.446833943
    2.390000000  -61.080455088   88.334912107
    2.400000000  -60.216351505   82.823954243
    2.410000000  -59.411697653   75.987079021
    2.420000000  -58.671613519   70.857223138
    2.430000000  -57.960986629   70.434650620
    2.440000000  -57.216053792   78.306803326
    2.450000000  -56.338551067   97.399919648
    2.460000000  -55.206228545  129.385992477
    2.470000000  -53.690417782  174.218826852
    2.480000000  -51.671102442  229.453134676
    2.490000000  -49.064278527  290.733217491
    2.500000000  -45.838697590  352.176629435
    2.510000000  -42.026395377  407.162125704
    2.520000000  -37.724071297  449.385278759
    2.530000000  -33.083525570  473.878099507
    2.540000000  -28.296427398  478.052353171
    2.550000000  -23.570440579  462.115814438
    2.560000000  -19.097038911  428.455697967
    2.570000000  -15.031649896  381.196902943
    2.580000000  -11.485299604  325.800671432
    2.590000000   -8.511595894  267.616837240
    2.600000000   -6.114230135  211.393006123
    2.610000000   -4.253748474  160.560771712
    2.620000000   -2.864095953  117.265786350
    2.630000000   -1.865482817   82.388936077
    2.640000000   -1.174996788   55.707057157
    2.650000000   -0.714427755   36.185637696
    2.660000000   -0.419417449   22.608768890
    2.670000000   -0.233453409   13.279856563
    2.680000000   -0.122900027    7.335372569
    2.690000000   -0.060209696    3.748267391
    2.700000000   -0.026237209    1.687879076
    2.710000000   -0.010082015    0.666471858
    2.720000000   -0.003587410    0.245302234
    2.730000000   -0.000788976    0.055268091
    2.740000000   -0.000000000   -0.000000000
    2.750000000   -0.000000000   -0.000000000
    2.760000000   -0.000000000   -0.000000000
    2.770000000   -0.000000000   -0.000000000
    2.780000000   -0.000000000   -0.000000000
    2.790000000   -0.000000000   -0.000000000
    2.800000000   -0.000000000   -0.000000000
    2.810000000   -0.000000000   -0.000000000
    2.820000000   -0.000000000   -0.000000000
    2.830000000   -0.000000000   -0.000000000
    2.840000000   -0.000000000   -0.000000000
    2.850000000   -0.000000000   -0.000000000
    2.860000000   -0.000000000   -0.000000000
    2.870000000   -0.000000000   -0.000000000
    2.880000000   -0.000000000   -0.000000000
    2.890000000   -0.000000000   -0.000000000
    2.900000000   -0.000000000   -0.000000000
    2.910000000   -0.000000000   -0.000000000
    2.920000000   -0.000000000   -0.000000000
    2.930000000   -0.000000000   -0.000000000
    2.940000000   -0.000000000   -0.000000000
    2.950000000   -0.000000000   -0.000000000
    2.960000000   -0.000000000   -0.000000000
    2.970000000   -0.000000000   -0.000000000
    2.980000000   -0.000000000   -0.000000000
    2.990000000   -0.000000000   -0.000000000
    3.000000000   -0.000000000   -0.000000000
