#! FIELDS cv1 file.free der_cv1
#! SET min_cv1 0
#! SET max_cv1 3.0
#! SET nbins_cv1  301
#! SET periodic_cv1 false
    0.000000000  -82.632518960 -1220.875716607
    0.010000000  -94.493492823 -1139.849332275
    0.020000000 -105.274476022 -1007.191525611
    0.030000000 -114.535859000 -839.027122075
    0.040000000 -122.021374361 -655.636056837
    0.050000000 -127.684063838 -477.805614274
    0.060000000 -131.670274704 -322.996538547
    0.070000000 -134.277413080 -202.971005485
    0.080000000 -135.878800193 -121.985517614
    0.090000000 -136.857820384  -77.631037563
    0.100000000 -137.547008655  -62.469785649
    0.110000000 -138.187855005  -66.359796150
    0.120000000 -138.922574953  -79.310541633
    0.130000000 -139.793136205  -92.678354689
    0.140000000 -140.774417214 -100.967899161
    0.150000000 -141.804992866 -102.042501589
    0.160000000 -142.809176087  -96.075862892
    0.170000000 -143.727713248  -85.267647937
    0.180000000 -144.526908655  -72.539841466
    0.190000000 -145.189255721  -61.150843327
    0.200000000 -145.737172814  -52.926436800
    0.210000000 -146.217487636  -47.222845336
    0.220000000 -146.659084848  -44.334170526
    0.230000000 -147.085850297  -43.447585443
    0.240000000 -147.512896872  -43.196043258
    0.250000000 -147.934360326  -42.809692265
    0.260000000 -148.348873098  -41.407286300
    0.270000000 -148.745440025  -38.655620371
    0.280000000 -149.111474223  -35.192003888
    0.290000000 -149.437770596  -31.444085583
    0.300000000 -149.728740651  -28.326571561
    0.310000000 -149.994112987  -26.091438209
    0.320000000 -150.241581257  -24.970708932
    0.330000000 -150.476175252  -24.244963323
    0.340000000 -150.707215543  -23.456130416
    0.350000000 -150.926979981  -22.180336196
    0.360000000 -151.126413418  -20.227839047
    0.370000000 -151.312230777  -17.936197005
    0.380000000 -151.474593161  -16.347247645
    0.390000000 -151.624475984  -15.760880162
    0.400000000 -151.776812624  -17.093949383
    0.410000000 -151.953202764  -20.284462736
    0.420000000 -152.171433470  -24.977179871
    0.430000000 -152.439328563  -30.012951310
    0.440000000 -152.750611714  -34.123515918
    0.450000000 -153.092981394  -35.598285422
    0.460000000 -153.432982235  -33.903265471
    0.470000000 -153.738599316  -28.693848353
    0.480000000 -153.979018774  -20.885576822
    0.490000000 -154.132513449  -12.376995082
    0.500000000 -154.207399151   -4.600699508
    0.510000000 -154.218000964    0.641647572
    0.520000000 -154.189553233    2.354195227
    0.530000000 -154.164314108    0.622405286
    0.540000000 -154.168178387   -3.620000794
    0.550000000 -154.219335713   -8.950951632
    0.560000000 -154.324823075  -13.574780297
    0.570000000 -154.467165611  -16.310424156
    0.580000000 -154.622020071  -15.995989356
    0.590000000 -154.758217931  -12.925930981
    0.600000000 -154.847895339   -7.484570783
    0.610000000 -154.881872730   -1.054024185
    0.620000000 -154.853258218    5.095742465
    0.630000000 -154.771806757    9.045732759
    0.640000000 -154.665548236    9.757590369
    0.650000000 -154.565979537    7.234528454
    0.660000000 -154.506637023    2.346611324
    0.670000000 -154.507586198   -4.344044408
    0.680000000 -154.569618858  -10.645240438
    0.690000000 -154.688876374  -14.877289427
    0.700000000 -154.834704327  -15.084024582
    0.710000000 -154.959696241  -11.315544642
    0.720000000 -155.028335660   -3.530327317
    0.730000000 -155.010020713    6.575126571
    0.740000000 -154.879811388   16.620419673
    0.750000000 -154.658758211   24.676265597
    0.760000000 -154.374994406   29.340435679
    0.770000000 -154.065478224   29.601471111
    0.780000000 -153.778832696   25.526938264
    0.790000000 -153.545959724   18.468185669
    0.800000000 -153.390764079   10.574161818
    0.810000000 -153.312302661    3.525668331
    0.820000000 -153.289293615   -1.068849164
    0.830000000 -153.298637520   -2.761051872
    0.840000000 -153.313367909   -1.860347876
    0.850000000 -153.309567901    1.087138136
    0.860000000 -153.273928374    4.768302415
    0.870000000 -153.201816993    7.875440848
    0.880000000 -153.100555052    9.959681430
    0.890000000 -152.983885266   11.285237093
    0.900000000 -152.855319616   11.750231073
    0.910000000 -152.730933508   11.618413278
    0.920000000 -152.604793089   11.288053117
    0.930000000 -152.479965242   10.915362864
    0.940000000 -152.360734985   10.401517933
    0.950000000 -152.248650209    9.973556334
    0.960000000 -152.144329383    8.795426711
    0.970000000 -152.059161148    6.696095860
    0.980000000 -151.998484549    3.191597526
    0.990000000 -151.977586225   -0.708195862
    1.000000000 -151.998729682   -5.457079731
    1.010000000 -152.062012308   -9.808943774
    1.020000000 -152.165790106  -12.798795801
    1.030000000 -152.290538863  -13.390949000
    1.040000000 -152.406144622  -11.824393709
    1.050000000 -152.497909390   -7.357403756
    1.060000000 -152.530797191   -1.368053404
    1.070000000 -152.501535131    5.607009133
    1.080000000 -152.400351052   12.210031388
    1.090000000 -152.244665790   16.895917515
    1.100000000 -152.053514300   18.672853289
    1.110000000 -151.859525904   17.941922991
    1.120000000 -151.686021077   13.932570463
    1.130000000 -151.563208430    8.141449864
    1.140000000 -151.509074260    1.412637504
    1.150000000 -151.519049304   -5.656407023
    1.160000000 -151.596718983  -11.348680253
    1.170000000 -151.718900839  -15.025788249
    1.180000000 -151.866519414  -16.420240820
    1.190000000 -152.022552021  -15.502045490
    1.200000000 -152.158029263  -13.037690777
    1.210000000 -152.258518246   -9.476790640
    1.220000000 -152.326449652   -5.648703965
    1.230000000 -152.358379307   -2.424893983
    1.240000000 -152.359581828   -0.397804798
    1.250000000 -152.350028658    0.127964776
    1.260000000 -152.341419922   -0.980512744
    1.270000000 -152.355245290   -3.415542057
    1.280000000 -152.396023033   -7.406536023
    1.290000000 -152.484305863  -11.894332823
    1.300000000 -152.617103994  -16.498226534
    1.310000000 -152.796016119  -21.270249625
    1.320000000 -153.020359527  -25.475836885
    1.330000000 -153.286931579  -29.126207182
    1.340000000 -153.585467869  -32.227358831
    1.350000000 -153.906029428  -34.182319008
    1.360000000 -154.244812767  -35.021001502
    1.370000000 -154.586071066  -35.102494879
    1.380000000 -154.923459352  -33.827596036
    1.390000000 -155.240721075  -31.851377085
    1.400000000 -155.537593304  -28.968534350
    1.410000000 -155.798065616  -25.528418693
    1.420000000 -156.025539161  -22.080684452
    1.430000000 -156.222216745  -18.991610309
    1.440000000 -156.391157991  -16.843925908
    1.450000000 -156.546124991  -15.440846902
    1.460000000 -156.690682118  -15.581607071
    1.470000000 -156.839070985  -16.889722807
    1.480000000 -157.008160767  -18.528024620
    1.490000000 -157.195750067  -20.810622138
    1.500000000 -157.410310446  -23.337980172
    1.510000000 -157.646085688  -25.807860772
    1.520000000 -157.903236688  -27.823412023
    1.530000000 -158.176952727  -29.214566489
    1.540000000 -158.465854619  -29.836265333
    1.550000000 -158.758865247  -30.021864131
    1.560000000 -159.048393687  -30.067633399
    1.570000000 -159.338479397  -29.650937307
    1.580000000 -159.624552263  -28.675919888
    1.590000000 -159.892252910  -27.268549008
    1.600000000 -160.143963018  -25.214744648
    1.610000000 -160.372925086  -22.294913983
    1.620000000 -160.568672627  -18.869756131
    1.630000000 -160.735240015  -15.541143295
    1.640000000 -160.864350246  -12.392739647
    1.650000000 -160.964684231   -9.995089088
    1.660000000 -161.043136183   -8.431015089
    1.670000000 -161.116043410   -7.712630616
    1.680000000 -161.184426471   -8.434847369
    1.690000000 -161.268766551   -9.901502599
    1.700000000 -161.364035663  -11.716254464
    1.710000000 -161.478203509  -13.171446874
    1.720000000 -161.604837825  -13.325824809
    1.730000000 -161.722954272  -12.327725878
    1.740000000 -161.823402609  -10.071838390
    1.750000000 -161.896477594   -6.281289991
    1.760000000 -161.927017016   -1.711075773
    1.770000000 -161.908766358    3.218836639
    1.780000000 -161.845048614    8.120569069
    1.790000000 -161.731249908   12.273951163
    1.800000000 -161.580364702   15.580959156
    1.810000000 -161.402036732   17.417786668
    1.820000000 -161.211455037   18.162630032
    1.830000000 -161.022148188   17.557149297
    1.840000000 -160.840765468   16.014023450
    1.850000000 -160.683196065   13.967084401
    1.860000000 -160.543591800   11.996193625
    1.870000000 -160.419176276   10.630272292
    1.880000000 -160.301151945   10.768186751
    1.890000000 -160.177734219   12.492301969
    1.900000000 -160.024742253   16.139417173
    1.910000000 -159.827870910   21.211556606
    1.920000000 -159.573954530   27.852473054
    1.930000000 -159.247416328   35.392068788
    1.940000000 -158.840466613   43.182058386
    1.950000000 -158.357355622   50.645330006
    1.960000000 -157.806570380   57.349311494
    1.970000000 -157.194966530   62.435372461
    1.980000000 -156.539882327   65.737521952
    1.990000000 -155.862232407   67.656095916
    2.000000000 -155.165837329   68.000749869
    2.010000000 -154.472878854   68.153183931
    2.020000000 -153.776961082   68.728738170
    2.030000000 -153.073368077   70.508287335
    2.040000000 -152.343028245   73.698425442
    2.050000000 -151.573839281   78.248272115
    2.060000000 -150.749358878   83.766680373
    2.070000000 -149.865373535   90.437330816
    2.080000000 -148.912831685   96.907490849
    2.090000000 -147.899776109  103.003080780
    2.100000000 -146.832239416  108.331773779
    2.110000000 -145.714120610  112.290707497
    2.120000000 -144.560170472  115.281872924
    2.130000000 -143.383270515  117.560439587
    2.140000000 -142.186771996  119.572807612
    2.150000000 -140.965695274  121.682101465
    2.160000000 -139.718785796  125.581840574
    2.170000000 -138.423976859  131.265924003
    2.180000000 -137.058550339  139.336500548
    2.190000000 -135.601745220  150.196237524
    2.200000000 -134.024490662  162.771845834
    2.210000000 -132.313529082  176.913731678
    2.220000000 -130.459171814  190.668903877
    2.230000000 -128.473037840  203.453249851
    2.240000000 -126.371073616  213.656658441
    2.250000000 -124.183698399  220.968538343
    2.260000000 -121.933245376  225.093552827
    2.270000000 -119.660387017  226.889332560
    2.280000000 -117.374157117  227.110134124
    2.290000000 -115.087493807  227.383315249
    2.300000000 -112.797676756  228.530901798
    2.310000000 -110.484838341  231.377609455
    2.320000000 -108.136705892  235.501241928
    2.330000000 -105.741476109  240.754436171
    2.340000000 -103.289649351  246.325257638
    2.350000000 -100.783872175  251.439679933
    2.360000000  -98.231214065  255.663533976
    2.370000000  -95.641960841  259.121253154
    2.380000000  -93.017574958  262.123519451
    2.390000000  -90.360361825  266.098751432
    2.400000000  -87.654004109  272.201281675
    2.410000000  -84.872172958  281.815470116
    2.420000000  -81.971301286  295.812624064
    2.430000000  -78.903457925  315.218226709
    2.440000000  -75.615544699  340.782058306
    2.450000000  -72.042273747  371.963503087
    2.460000000  -68.130717406  408.020344789
    2.470000000  -63.841753739  447.321062647
    2.480000000  -59.155826826  486.962913506
    2.490000000  -54.089081688  523.353431810
    2.500000000  -48.690924908  551.921538912
    2.510000000  -43.061675563  568.845775134
    2.520000000  -37.333727097  570.767205919
    2.530000000  -31.672558290  556.335419415
    2.540000000  -26.239569075  525.165854512
    2.550000000  -21.195400730  479.513786961
    2.560000000  -16.666075864  422.807878845
    2.570000000  -12.738331434  359.615513828
    2.580000000   -9.456080165  295.107407295
    2.590000000   -6.806013402  233.174204993
    2.600000000   -4.749003106  177.638197843
    2.610000000   -3.205454428  130.102186165
    2.620000000   -2.093339292   91.753964175
    2.630000000   -1.324129869   62.468259588
    2.640000000   -0.804339330   40.557180080
    2.650000000   -0.471311013   25.312224117
    2.660000000   -0.266086367   15.170917141
    2.670000000   -0.139149848    8.330047001
    2.680000000   -0.071509540    4.512670774
    2.690000000   -0.031463445    2.063009541
    2.700000000   -0.011175023    0.753860971
    2.710000000   -0.002857343    0.198199499
    2.720000000   -0.000468423    0.032999632
    2.730000000   -0.000000000   -0.000000000
    2.740000000   -0.000000000   -0.000000000
    2.750000000   -0.000000000   -0.000000000
    2.760000000   -0.000000000   -0.000000000
    2.770000000   -0.000000000   -0.000000000
    2.780000000   -0.000000000   -0.000000000
    2.790000000   -0.000000000   -0.000000000
    2.800000000   -0.000000000   -0.000000000
    2.810000000   -0.000000000   -0.000000000
    2.820000000   -0.000000000   -0.000000000
    2.830000000   -0.000000000   -0.000000000
    2.840000000   -0.000000000   -0.000000000
    2.850000000   -0.000000000   -0.000000000
    2.860000000   -0.000000000   -0.000000000
    2.870000000   -0.000000000   -0.000000000
    2.880000000   -0.000000000   -0.000000000
    2.890000000   -0.000000000   -0.000000000
    2.900000000   -0.000000000   -0.000000000
    2.910000000   -0.000000000   -0.000000000
    2.920000000   -0.000000000   -0.000000000
    2.930000000   -0.000000000   -0.000000000
    2.940000000   -0.000000000   -0.000000000
    2.950000000   -0.000000000   -0.000000000
    2.960000000   -0.000000000   -0.000000000
    2.970000000   -0.000000000   -0.000000000
    2.980000000   -0.000000000   -0.000000000
    2.990000000   -0.000000000   -0.000000000
    3.000000000   -0.000000000   -0.000000000
