#! FIELDS cv1 file.free der_cv1
#! SET min_cv1 0
#! SET max_cv1 3.0
#! SET nbins_cv1  301
#! SET periodic_cv1 false
    0.000000000  -16.201525738 -350.725585337
    0.010000000  -19.839904035 -374.032418087
    0.020000000  -23.640284447 -382.927564921
    0.030000000  -27.452026355 -376.298764592
    0.040000000  -31.122246131 -354.938387227
    0.050000000  -34.516788999 -321.591775340
    0.060000000  -37.533912330 -280.285290897
    0.070000000  -40.118136030 -235.836422952
    0.080000000  -42.262638299 -192.966712619
    0.090000000  -44.003240712 -155.482771947
    0.100000000  -45.405547963 -125.655022995
    0.110000000  -46.551090301 -104.175955845
    0.120000000  -47.522975076  -90.424922625
    0.130000000  -48.384530598  -82.270444987
    0.140000000  -49.185435205  -77.712644235
    0.150000000  -49.952014868  -74.815821708
    0.160000000  -50.690296452  -72.059223935
    0.170000000  -51.399004167  -68.929390819
    0.180000000  -52.076549753  -65.738215081
    0.190000000  -52.722114614  -62.982481932
    0.200000000  -53.345982187  -61.415258865
    0.210000000  -53.958728769  -61.476009439
    0.220000000  -54.577631760  -62.893339433
    0.230000000  -55.212961814  -64.704969586
    0.240000000  -55.866660034  -66.286240985
    0.250000000  -56.528840443  -66.579698539
    0.260000000  -57.185344112  -64.995113289
    0.270000000  -57.817557888  -61.686852787
    0.280000000  -58.409083874  -56.607004540
    0.290000000  -58.942293699  -50.456397020
    0.300000000  -59.412490968  -43.810094419
    0.310000000  -59.817884314  -37.286010511
    0.320000000  -60.158944793  -31.195174732
    0.330000000  -60.437848345  -25.329496853
    0.340000000  -60.662435656  -19.721923021
    0.350000000  -60.830918208  -14.553997232
    0.360000000  -60.946143719  -10.009585821
    0.370000000  -61.025604189   -6.332882520
    0.380000000  -61.074182661   -4.221317292
    0.390000000  -61.109867832   -3.911034167
    0.400000000  -61.155990102   -5.997438604
    0.410000000  -61.232620407  -10.198908219
    0.420000000  -61.359033058  -16.063403995
    0.430000000  -61.549114635  -22.501146096
    0.440000000  -61.800391929  -28.362694939
    0.450000000  -62.103573625  -32.515222918
    0.460000000  -62.435406552  -34.353206527
    0.470000000  -62.771877912  -33.035436132
    0.480000000  -63.081215117  -29.039106863
    0.490000000  -63.336511418  -23.149899489
    0.500000000  -63.531524550  -15.851153589
    0.510000000  -63.652213942   -8.688110667
    0.520000000  -63.700316309   -2.324467899
    0.530000000  -63.693473008    2.737407962
    0.540000000  -63.643823934    6.255575130
    0.550000000  -63.565252845    7.950079471
    0.560000000  -63.480416080    8.286415128
    0.570000000  -63.398320099    7.250665683
    0.580000000  -63.331282669    5.368342696
    0.590000000  -63.284976100    2.933234313
    0.600000000  -63.262464085    0.658317357
    0.610000000  -63.261031160   -1.229707298
    0.620000000  -63.276023115   -2.128748418
    0.630000000  -63.295893237   -2.110983136
    0.640000000  -63.311094931   -1.642123283
    0.650000000  -63.316667787   -0.370001617
    0.660000000  -63.307535352    1.353162488
    0.670000000  -63.283341085    2.839459880
    0.680000000  -63.240535084    4.208598578
    0.690000000  -63.185717003    5.643650954
    0.700000000  -63.116718143    7.744718809
    0.710000000  -63.022508599   10.401040593
    0.720000000  -62.898038033   14.078553815
    0.730000000  -62.733619911   18.662733077
    0.740000000  -62.515657277   23.344016622
    0.750000000  -62.252498046   27.832740033
    0.760000000  -61.952618989   31.320001664
    0.770000000  -61.626218377   32.552476171
    0.780000000  -61.301953514   31.327823621
    0.790000000  -61.002603461   27.507524992
    0.800000000  -60.751086626   21.526302756
    0.810000000  -60.568507665   14.273079503
    0.820000000  -60.458706911    6.487610215
    0.830000000  -60.426753470   -1.118841978
    0.840000000  -60.465999510   -7.576747721
    0.850000000  -60.563187242  -12.362328305
    0.860000000  -60.699449379  -14.986027300
    0.870000000  -60.850912902  -15.562327402
    0.880000000  -60.994370389  -13.873347107
    0.890000000  -61.110570783   -9.661503708
    0.900000000  -61.171248753   -3.543929943
    0.910000000  -61.167610138    3.817086517
    0.920000000  -61.085496361   11.822291010
    0.930000000  -60.923034607   19.451760038
    0.940000000  -60.688572585   26.039876609
    0.950000000  -60.397583454   31.103404310
    0.960000000  -60.064561959   34.229429681
    0.970000000  -59.711672681   35.304098636
    0.980000000  -59.358543012   34.394347056
    0.990000000  -59.023287423   31.821463145
    1.000000000  -58.722827460   27.516479423
    1.010000000  -58.467156456   22.003503608
    1.020000000  -58.273605545   15.856540037
    1.030000000  -58.144941614    9.424453940
    1.040000000  -58.079299767    2.604295796
    1.050000000  -58.083113081   -3.664999057
    1.060000000  -58.145429844   -9.591133112
    1.070000000  -58.264796358  -14.639056247
    1.080000000  -58.427492093  -18.761409623
    1.090000000  -58.626277558  -21.809676674
    1.100000000  -58.849932562  -23.732594865
    1.110000000  -59.088041867  -24.436155248
    1.120000000  -59.328997047  -24.519233627
    1.130000000  -59.569233395  -24.235084814
    1.140000000  -59.807790359  -23.999114099
    1.150000000  -60.043614151  -24.121335047
    1.160000000  -60.282866556  -24.459017227
    1.170000000  -60.525789779  -24.896747519
    1.180000000  -60.772727915  -25.222189960
    1.190000000  -61.024545038  -25.026648907
    1.200000000  -61.268749324  -24.424601964
    1.210000000  -61.501467852  -22.842998701
    1.220000000  -61.718151690  -20.810871411
    1.230000000  -61.913165395  -18.531746089
    1.240000000  -62.084326340  -16.582848062
    1.250000000  -62.240528711  -15.528350123
    1.260000000  -62.390654841  -15.656807266
    1.270000000  -62.553836069  -17.272053270
    1.280000000  -62.738647659  -21.095117474
    1.290000000  -62.972430001  -26.283538286
    1.300000000  -63.262213277  -32.618904172
    1.310000000  -63.620254828  -39.544910771
    1.320000000  -64.042935615  -46.129642629
    1.330000000  -64.529685679  -51.214153707
    1.340000000  -65.054688154  -54.078889291
    1.350000000  -65.594319243  -54.020378091
    1.360000000  -66.119406990  -50.978138416
    1.370000000  -66.599115177  -45.416618356
    1.380000000  -67.012441240  -37.565684052
    1.390000000  -67.340001300  -28.858825807
    1.400000000  -67.580567857  -20.144011850
    1.410000000  -67.737045519  -12.448121714
    1.420000000  -67.827215639   -6.675905650
    1.430000000  -67.870479622   -3.043196406
    1.440000000  -67.890570370   -1.917729864
    1.450000000  -67.908480731   -2.598487247
    1.460000000  -67.941764695   -4.840358534
    1.470000000  -67.997407902   -7.714000161
    1.480000000  -68.085590690  -10.308665048
    1.490000000  -68.197318882  -12.338400409
    1.500000000  -68.327462972  -13.750712530
    1.510000000  -68.463884983  -14.266303294
    1.520000000  -68.601512422  -13.973723956
    1.530000000  -68.734277115  -13.397274727
    1.540000000  -68.863391412  -13.131783640
    1.550000000  -68.993160530  -13.507908808
    1.560000000  -69.128859116  -15.290474577
    1.570000000  -69.291615457  -18.254546418
    1.580000000  -69.492115911  -22.300854296
    1.590000000  -69.734992249  -27.278760649
    1.600000000  -70.028382126  -32.304121903
    1.610000000  -70.370918237  -36.757839903
    1.620000000  -70.750777322  -39.981186868
    1.630000000  -71.157893977  -41.482383622
    1.640000000  -71.567984496  -40.951185415
    1.650000000  -71.962320340  -38.550410056
    1.660000000  -72.323090945  -34.426648945
    1.670000000  -72.639526345  -29.037993077
    1.680000000  -72.896304276  -23.649200804
    1.690000000  -73.103933506  -18.464217880
    1.700000000  -73.259126065  -14.108517835
    1.710000000  -73.379307295  -10.600663757
    1.720000000  -73.467445610   -7.694410935
    1.730000000  -73.526806270   -5.273449378
    1.740000000  -73.562187495   -2.930750214
    1.750000000  -73.573383311   -0.034594486
    1.760000000  -73.551567839    3.496075790
    1.770000000  -73.492564045    7.674466565
    1.780000000  -73.391416596   12.210610501
    1.790000000  -73.242209801   16.678807854
    1.800000000  -73.048578416   21.144895683
    1.810000000  -72.813612184   24.466983566
    1.820000000  -72.549941174   27.108402882
    1.830000000  -72.265865995   28.421052552
    1.840000000  -71.972710895   28.918041561
    1.850000000  -71.680598880   28.541330621
    1.860000000  -71.393686436   27.797809354
    1.870000000  -71.114143933   26.839660568
    1.880000000  -70.842786674   26.365099642
    1.890000000  -70.574874094   26.470136062
    1.900000000  -70.300253583   27.484521028
    1.910000000  -70.010566601   29.420975707
    1.920000000  -69.697483805   32.944427409
    1.930000000  -69.338835966   38.072151651
    1.940000000  -68.918995238   44.631385646
    1.950000000  -68.426662926   52.422001875
    1.960000000  -67.853368640   60.833508631
    1.970000000  -67.199063684   68.957947801
    1.980000000  -66.467937298   75.468743421
    1.990000000  -65.683341439   80.021938975
    2.000000000  -64.863204111   81.850788286
    2.010000000  -64.037671870   81.643017166
    2.020000000  -63.220826751   80.254472615
    2.030000000  -62.421031279   78.768665991
    2.040000000  -61.631131872   78.425752853
    2.050000000  -60.834860895   80.192274538
    2.060000000  -60.005299520   84.427431683
    2.070000000  -59.122569636   91.362653269
    2.080000000  -58.157654051   99.757559172
    2.090000000  -57.106796643  109.124426363
    2.100000000  -55.965317110  117.975940702
    2.110000000  -54.739973612  125.171434877
    2.120000000  -53.453599271  130.402196581
    2.130000000  -52.124202895  133.805423684
    2.140000000  -50.768726024  135.664839904
    2.150000000  -49.395512034  136.933685956
    2.160000000  -48.007292758  139.111451848
    2.170000000  -46.593064097  142.966871502
    2.180000000  -45.128772124  148.622279538
    2.190000000  -43.598391283  156.668893356
    2.200000000  -41.976102997  166.401715968
    2.210000000  -40.250705453  177.542664542
    2.220000000  -38.409538486  189.034293559
    2.230000000  -36.455105185  200.324269955
    2.240000000  -34.391523155  210.383982997
    2.250000000  -32.237459983  218.862620944
    2.260000000  -30.008665826  224.958965537
    2.270000000  -27.732421348  228.608549863
    2.280000000  -25.431808852  229.485022046
    2.290000000  -23.134538868  227.768087009
    2.300000000  -20.868737764  223.885060413
    2.310000000  -18.652953626  217.780506403
    2.320000000  -16.507748726  209.699328420
    2.330000000  -14.452658259  199.904761316
    2.340000000  -12.503577058  188.433417537
    2.350000000  -10.677023958  175.398050728
    2.360000000   -8.988661420  160.952102924
    2.370000000   -7.451086713  145.244535217
    2.380000000   -6.074369867  128.583322872
    2.390000000   -4.868605154  111.714917513
    2.400000000   -3.831267229   94.936829227
    2.410000000   -2.958464232   78.867511452
    2.420000000   -2.240168608   63.992930038
    2.430000000   -1.663147665   50.757383619
    2.440000000   -1.209844985   39.339034470
    2.450000000   -0.862293838   29.829162879
    2.460000000   -0.600820883   22.060198579
    2.470000000   -0.409435141   15.949479110
    2.480000000   -0.272749810   11.278317371
    2.490000000   -0.176138217    7.697332836
    2.500000000   -0.111620778    5.181466575
    2.510000000   -0.067611774    3.301991748
    2.520000000   -0.038836193    1.977754744
    2.530000000   -0.022441513    1.211691354
    2.540000000   -0.011943490    0.674224043
    2.550000000   -0.006194767    0.366652184
    2.560000000   -0.003359817    0.212260771
    2.570000000   -0.001750986    0.117605347
    2.580000000   -0.000523704    0.036812578
    2.590000000   -0.000000000   -0.000000000
    2.600000000   -0.000000000   -0.000000000
    2.610000000   -0.000000000   -0.000000000
    2.620000000   -0.000000000   -0.000000000
    2.630000000   -0.000000000   -0.000000000
    2.640000000   -0.000000000   -0.000000000
    2.650000000   -0.000000000   -0.000000000
    2.660000000   -0.000000000   -0.000000000
    2.670000000   -0.000000000   -0.000000000
    2.680000000   -0.000000000   -0.000000000
    2.690000000   -0.000000000   -0.000000000
    2.700000000   -0.000000000   -0.000000000
    2.710000000   -0.000000000   -0.000000000
    2.720000000   -0.000000000   -0.000000000
    2.730000000   -0.000000000   -0.000000000
    2.740000000   -0.000000000   -0.000000000
    2.750000000   -0.000000000   -0.000000000
    2.760000000   -0.000000000   -0.000000000
    2.770000000   -0.000000000   -0.000000000
    2.780000000   -0.000000000   -0.000000000
    2.790000000   -0.000000000   -0.000000000
    2.800000000   -0.000000000   -0.000000000
    2.810000000   -0.000000000   -0.000000000
    2.820000000   -0.000000000   -0.000000000
    2.830000000   -0.000000000   -0.000000000
    2.840000000   -0.000000000   -0.000000000
    2.850000000   -0.000000000   -0.000000000
    2.860000000   -0.000000000   -0.000000000
    2.870000000   -0.000000000   -0.000000000
    2.880000000   -0.000000000   -0.000000000
    2.890000000   -0.000000000   -0.000000000
    2.900000000   -0.000000000   -0.000000000
    2.910000000   -0.000000000   -0.000000000
    2.920000000   -0.000000000   -0.000000000
    2.930000000   -0.000000000   -0.000000000
    2.940000000   -0.000000000   -0.000000000
    2.950000000   -0.000000000   -0.000000000
    2.960000000   -0.000000000   -0.000000000
    2.970000000   -0.000000000   -0.000000000
    2.980000000   -0.000000000   -0.000000000
    2.990000000   -0.000000000   -0.000000000
    3.000000000   -0.000000000   -0.000000000
