#! FIELDS cv1 file.free der_cv1
#! SET min_cv1 0
#! SET max_cv1 3.0
#! SET nbins_cv1  301
#! SET periodic_cv1 false
    0.000000000  -77.289514405 -1154.041016311
    0.010000000  -88.518464986 -1080.778315135
    0.020000000  -98.755812300 -957.895061996
    0.030000000 -107.575764947 -800.151311102
    0.040000000 -114.721596497 -626.452297359
    0.050000000 -120.133180363 -456.499097135
    0.060000000 -123.935626646 -307.204186666
    0.070000000 -126.401893797 -190.334253535
    0.080000000 -127.884282216 -110.695684032
    0.090000000 -128.752761460  -66.767479424
    0.100000000 -129.333851319  -51.924419143
    0.110000000 -129.872826406  -56.766568617
    0.120000000 -130.519762177  -71.603970006
    0.130000000 -131.325973808  -87.720160707
    0.140000000 -132.273218513  -99.232518609
    0.150000000 -133.302157311 -103.467488017
    0.160000000 -134.333722402 -100.085815878
    0.170000000 -135.301020701  -90.951086686
    0.180000000 -136.161226466  -78.940485275
    0.190000000 -136.888457299  -67.329854993
    0.200000000 -137.496659795  -58.427208023
    0.210000000 -138.029268915  -51.958430759
    0.220000000 -138.516180978  -48.535997860
    0.230000000 -138.984676987  -47.560214659
    0.240000000 -139.455248058  -47.756914660
    0.250000000 -139.927210064  -48.385863547
    0.260000000 -140.404391260  -48.443024989
    0.270000000 -140.880412055  -47.475029441
    0.280000000 -141.344372788  -45.968756866
    0.290000000 -141.788299130  -44.090981800
    0.300000000 -142.215560799  -42.598082308
    0.310000000 -142.631137355  -41.638297415
    0.320000000 -143.039072312  -41.240340655
    0.330000000 -143.438057510  -40.523705440
    0.340000000 -143.829603771  -38.956339566
    0.350000000 -144.197869978  -36.117409262
    0.360000000 -144.526177721  -31.855909439
    0.370000000 -144.814224441  -26.654242820
    0.380000000 -145.046975538  -21.714449492
    0.390000000 -145.233749650  -17.588831003
    0.400000000 -145.388603058  -15.607535768
    0.410000000 -145.536367493  -15.993282335
    0.420000000 -145.701277137  -18.614204519
    0.430000000 -145.899485081  -22.475213672
    0.440000000 -146.134014934  -26.337448974
    0.450000000 -146.401776142  -28.445028778
    0.460000000 -146.676643275  -28.135423289
    0.470000000 -146.934039650  -24.687081728
    0.480000000 -147.145008469  -18.907940041
    0.490000000 -147.289284265  -12.375753005
    0.500000000 -147.373606011   -6.349310177
    0.510000000 -147.409568264   -2.515220905
    0.520000000 -147.418601566   -1.852785404
    0.530000000 -147.439474287   -4.275540669
    0.540000000 -147.495234178   -8.887027275
    0.550000000 -147.599744758  -14.294049764
    0.560000000 -147.757936307  -18.640543748
    0.570000000 -147.947839071  -20.720843836
    0.580000000 -148.142585419  -19.362438341
    0.590000000 -148.305854673  -14.900944610
    0.600000000 -148.407769882   -7.823569288
    0.610000000 -148.437095739    0.286425634
    0.620000000 -148.388044031    7.920497131
    0.630000000 -148.273081808   12.985499651
    0.640000000 -148.125044718   14.183069939
    0.650000000 -147.981337211   11.564127827
    0.660000000 -147.882333150    6.004614697
    0.670000000 -147.852903950   -1.877742107
    0.680000000 -147.898266169   -9.708557089
    0.690000000 -148.016989294  -15.682780919
    0.700000000 -148.180372139  -17.714366847
    0.710000000 -148.341145898  -15.725461410
    0.720000000 -148.462296661   -9.544948014
    0.730000000 -148.510980062   -0.696367965
    0.740000000 -148.458300114    8.603735813
    0.750000000 -148.319123996   16.647847293
    0.760000000 -148.113038432   22.133237643
    0.770000000 -147.868205751   24.060636496
    0.780000000 -147.625380261   22.431929619
    0.790000000 -147.409374909   18.324230835
    0.800000000 -147.240440810   13.461589851
    0.810000000 -147.119363903    9.116240529
    0.820000000 -147.030763445    6.367213344
    0.830000000 -146.961681349    5.391827235
    0.840000000 -146.897985554    5.688835972
    0.850000000 -146.827484914    6.749248550
    0.860000000 -146.748856465    7.611454124
    0.870000000 -146.665358609    7.390550126
    0.880000000 -146.585943459    6.190164752
    0.890000000 -146.521959963    4.754652995
    0.900000000 -146.469316198    3.350642229
    0.910000000 -146.433624601    2.494017333
    0.920000000 -146.398138567    2.591620549
    0.930000000 -146.354431336    3.625011904
    0.940000000 -146.299207881    5.168981033
    0.950000000 -146.228179717    7.063506183
    0.960000000 -146.142003650    8.158781351
    0.970000000 -146.053659787    7.979041737
    0.980000000 -145.972866066    5.883807005
    0.990000000 -145.920699275    2.755661327
    1.000000000 -145.906544441   -1.822725811
    1.010000000 -145.935529149   -6.704641887
    1.020000000 -146.014208324  -10.762939071
    1.030000000 -146.126762398  -12.993329794
    1.040000000 -146.249144818  -13.546769016
    1.050000000 -146.370954703  -11.565759475
    1.060000000 -146.460041669   -8.210126993
    1.070000000 -146.513117406   -3.787806918
    1.080000000 -146.517606985    0.678572850
    1.090000000 -146.485559281    3.975519723
    1.100000000 -146.427494212    5.294415154
    1.110000000 -146.365301728    5.138514919
    1.120000000 -146.312869558    2.670287053
    1.130000000 -146.292478070   -0.877002732
    1.140000000 -146.316295384   -5.110435098
    1.150000000 -146.380416203   -9.902969480
    1.160000000 -146.492143588  -14.002695268
    1.170000000 -146.637238485  -17.022436392
    1.180000000 -146.806546534  -18.795625575
    1.190000000 -146.992874808  -19.242256334
    1.200000000 -147.175955035  -18.733032598
    1.210000000 -147.344466760  -17.318888613
    1.220000000 -147.501012207  -15.320716203
    1.230000000 -147.636276247  -13.152106193
    1.240000000 -147.746134042  -11.208874153
    1.250000000 -147.841337088   -9.670798404
    1.260000000 -147.922421825   -8.861102015
    1.270000000 -148.003816093   -8.843161333
    1.280000000 -148.086399420  -10.232804160
    1.290000000 -148.191076502  -12.464078907
    1.300000000 -148.321402847  -15.479942940
    1.310000000 -148.485591439  -19.544944868
    1.320000000 -148.692847343  -23.876255075
    1.330000000 -148.946865704  -28.271185271
    1.340000000 -149.241750888  -32.366579597
    1.350000000 -149.568795609  -35.126876771
    1.360000000 -149.919655100  -36.260022885
    1.370000000 -150.272048820  -35.831766354
    1.380000000 -150.610724603  -33.127958757
    1.390000000 -150.910243936  -28.887265705
    1.400000000 -151.163765202  -23.070490598
    1.410000000 -151.349912916  -16.469951975
    1.420000000 -151.471878840  -10.006906798
    1.430000000 -151.534929095   -4.457598295
    1.440000000 -151.549704156   -0.736147448
    1.450000000 -151.540344188    1.155664342
    1.460000000 -151.521715889    0.286879725
    1.470000000 -151.519489776   -2.881515925
    1.480000000 -151.561476667   -7.205529252
    1.490000000 -151.651545470  -12.623717474
    1.500000000 -151.800096605  -18.300550036
    1.510000000 -151.999647259  -23.438880855
    1.520000000 -152.243866749  -27.368191753
    1.530000000 -152.518845064  -29.701656521
    1.540000000 -152.813315004  -30.285942124
    1.550000000 -153.107245987  -29.573986814
    1.560000000 -153.385322433  -28.137655495
    1.570000000 -153.646612032  -25.835644755
    1.580000000 -153.884685032  -22.833291574
    1.590000000 -154.083859277  -19.471315238
    1.600000000 -154.249064021  -15.648048954
    1.610000000 -154.375795813  -11.369704663
    1.620000000 -154.457466534   -7.133204080
    1.630000000 -154.505400038   -3.641893271
    1.640000000 -154.518123995   -1.182023750
    1.650000000 -154.513299891   -0.265207821
    1.660000000 -154.506240438   -0.971767801
    1.670000000 -154.519233079   -3.173610613
    1.680000000 -154.558898487   -7.087989749
    1.690000000 -154.645879876  -11.680033267
    1.700000000 -154.773512378  -16.206427796
    1.710000000 -154.943677768  -19.610561314
    1.720000000 -155.141437823  -20.892262932
    1.730000000 -155.337597776  -20.195933818
    1.740000000 -155.515118208  -17.544076089
    1.750000000 -155.659349628  -12.956326209
    1.760000000 -155.752800396   -7.499107112
    1.770000000 -155.789439878   -1.888900195
    1.780000000 -155.775225053    3.318077826
    1.790000000 -155.710252172    7.318197708
    1.800000000 -155.611686781   10.087236760
    1.810000000 -155.492154715   11.161991443
    1.820000000 -155.368335707   11.150995387
    1.830000000 -155.252891508    9.961397223
    1.840000000 -155.149542695    8.200087378
    1.850000000 -155.069526924    6.417145074
    1.860000000 -155.002678595    5.176658432
    1.870000000 -154.941922313    4.963729920
    1.880000000 -154.874258481    6.507129179
    1.890000000 -154.786163330    9.714799195
    1.900000000 -154.654077779   14.785586566
    1.910000000 -154.465034311   21.074444284
    1.920000000 -154.207960369   28.633857266
    1.930000000 -153.870274470   36.802545308
    1.940000000 -153.447631694   45.025903582
    1.950000000 -152.944912985   52.747554229
    1.960000000 -152.372564282   59.684457507
    1.970000000 -151.737017715   65.010943842
    1.980000000 -151.055012129   68.586044307
    1.990000000 -150.347860819   70.850609175
    2.000000000 -149.618739508   71.434782365
    2.010000000 -148.891247574   71.657453988
    2.020000000 -148.161235806   72.082467813
    2.030000000 -147.426357251   73.349613465
    2.040000000 -146.671168407   75.782509161
    2.050000000 -145.886118851   79.364523040
    2.060000000 -145.056270892   83.911969121
    2.070000000 -144.175498328   89.710019978
    2.080000000 -143.233411318   95.730537571
    2.090000000 -142.232482721  101.856905527
    2.100000000 -141.173829145  107.818045133
    2.110000000 -140.055560014  113.036470226
    2.120000000 -138.886595424  117.776393871
    2.130000000 -137.675314034  122.043195458
    2.140000000 -136.423970592  126.098126050
    2.150000000 -135.128166234  130.080101930
    2.160000000 -133.790810867  135.245642365
    2.170000000 -132.395903471  141.445984454
    2.180000000 -130.930373576  149.128877658
    2.190000000 -129.382159529  158.583615774
    2.200000000 -127.732050876  168.849700518
    2.210000000 -125.974953137  180.011054297
    2.220000000 -124.106435748  190.497737621
    2.230000000 -122.138789446  200.080328798
    2.240000000 -120.084837976  207.578927507
    2.250000000 -117.969327685  213.014615898
    2.260000000 -115.804255520  216.314261013
    2.270000000 -113.618779137  218.409472128
    2.280000000 -111.411439649  219.998885460
    2.290000000 -109.184394348  222.539571516
    2.300000000 -106.930257113  226.397903460
    2.310000000 -104.624625303  232.050640213
    2.320000000 -102.256833589  238.677754358
    2.330000000  -99.819375866  245.858117142
    2.340000000  -97.310110563  252.610292050
    2.350000000  -94.738462810  258.232307505
    2.360000000  -92.118048276  262.557066949
    2.370000000  -89.460232587  266.097917313
    2.380000000  -86.764674582  269.663533316
    2.390000000  -84.026814624  275.052121967
    2.400000000  -81.220565290  283.578135490
    2.410000000  -78.310285794  296.533566426
    2.420000000  -75.244579462  314.223717853
    2.430000000  -71.976073267  336.917398717
    2.440000000  -68.460723040  364.345711852
    2.450000000  -64.653310298  394.968884195
    2.460000000  -60.529069498  427.140028050
    2.470000000  -56.084422018  458.794713409
    2.480000000  -51.337752658  487.214443315
    2.490000000  -46.337580169  509.505649554
    2.500000000  -41.156104034  522.357368587
    2.510000000  -35.902191644  523.568279450
    2.520000000  -30.700424285  511.496405894
    2.530000000  -25.689969228  486.117661830
    2.540000000  -20.997703273  448.251661927
    2.550000000  -16.737927360  400.445195563
    2.560000000  -12.992346794  346.026409894
    2.570000000   -9.806362433  288.819340546
    2.580000000   -7.191689397  232.903004313
    2.590000000   -5.115022140  180.992221409
    2.600000000   -3.528552575  135.767829950
    2.610000000   -2.355057212   97.965967272
    2.620000000   -1.520936461   68.091859618
    2.630000000   -0.952590095   45.783979325
    2.640000000   -0.572131792   29.303334160
    2.650000000   -0.331550859   18.039636263
    2.660000000   -0.185975680   10.731285860
    2.670000000   -0.094340502    5.682329958
    2.680000000   -0.048210704    3.058730046
    2.690000000   -0.020305067    1.331950744
    2.700000000   -0.006700092    0.449245301
    2.710000000   -0.001762536    0.120681907
    2.720000000   -0.000468423    0.032999632
    2.730000000   -0.000000000   -0.000000000
    2.740000000   -0.000000000   -0.000000000
    2.750000000   -0.000000000   -0.000000000
    2.760000000   -0.000000000   -0.000000000
    2.770000000   -0.000000000   -0.000000000
    2.780000000   -0.000000000   -0.000000000
    2.790000000   -0.000000000   -0.000000000
    2.800000000   -0.000000000   -0.000000000
    2.810000000   -0.000000000   -0.000000000
    2.820000000   -0.000000000   -0.000000000
    2.830000000   -0.000000000   -0.000000000
    2.840000000   -0.000000000   -0.000000000
    2.850000000   -0.000000000   -0.000000000
    2.860000000   -0.000000000   -0.000000000
    2.870000000   -0.000000000   -0.000000000
    2.880000000   -0.000000000   -0.000000000
    2.890000000   -0.000000000   -0.000000000
    2.900000000   -0.000000000   -0.000000000
    2.910000000   -0.000000000   -0.000000000
    2.920000000   -0.000000000   -0.000000000
    2.930000000   -0.000000000   -0.000000000
    2.940000000   -0.000000000   -0.000000000
    2.950000000   -0.000000000   -0.000000000
    2.960000000   -0.000000000   -0.000000000
    2.970000000   -0.000000000   -0.000000000
    2.980000000   -0.000000000   -0.000000000
    2.990000000   -0.000000000   -0.000000000
    3.000000000   -0.000000000   -0.000000000
