#! FIELDS cv1 file.free der_cv1
#! SET min_cv1 0
#! SET max_cv1 3.0
#! SET nbins_cv1  301
#! SET periodic_cv1 false
    0.000000000  -64.007025622 -989.718897375
    0.010000000  -73.703785740 -940.352376685
    0.020000000  -82.686561475 -848.404846545
    0.030000000  -90.580098018 -724.796068977
    0.040000000  -97.140500892 -584.403747504
    0.050000000 -102.279654639 -443.227342646
    0.060000000 -106.063879372 -315.637629088
    0.070000000 -108.687966459 -212.267490342
    0.080000000 -110.423203916 -138.326314894
    0.090000000 -111.568975976  -93.896749075
    0.100000000 -112.400746606  -74.619081071
    0.110000000 -113.136317225  -73.459873074
    0.120000000 -113.919768088  -82.669036590
    0.130000000 -114.814040438  -94.863782622
    0.140000000 -115.821896451 -104.737669220
    0.150000000 -116.905727137 -109.432028046
    0.160000000 -118.005033370 -108.016212293
    0.170000000 -119.063902093 -101.528329051
    0.180000000 -120.041607689  -91.989787306
    0.190000000 -120.910643009  -81.801664793
    0.200000000 -121.669747651  -73.126479126
    0.210000000 -122.348821224  -65.634712987
    0.220000000 -122.964883276  -59.967252088
    0.230000000 -123.533414493  -55.677521705
    0.240000000 -124.067613515  -52.038646427
    0.250000000 -124.562654003  -48.644154672
    0.260000000 -125.023791530  -44.969850856
    0.270000000 -125.450132210  -41.005453375
    0.280000000 -125.838333492  -37.429374666
    0.290000000 -126.191826411  -34.467076325
    0.300000000 -126.521620206  -32.724402020
    0.310000000 -126.841058064  -32.175120964
    0.320000000 -127.158961630  -32.534791488
    0.330000000 -127.476356300  -32.636550453
    0.340000000 -127.793329832  -31.703757007
    0.350000000 -128.092986202  -29.357186545
    0.360000000 -128.355979756  -25.330436967
    0.370000000 -128.578910988  -20.055323458
    0.380000000 -128.745735786  -14.752255070
    0.390000000 -128.860728728  -10.119627123
    0.400000000 -128.938833975   -7.287387207
    0.410000000 -128.998966869   -6.662795363
    0.420000000 -129.065191976   -8.054935706
    0.430000000 -129.152416667  -10.726117198
    0.440000000 -129.265103485  -13.589857629
    0.450000000 -129.403329337  -15.246088055
    0.460000000 -129.548682718  -15.330035131
    0.470000000 -129.685056798  -13.288393781
    0.480000000 -129.794204383   -9.939622204
    0.490000000 -129.866615559   -6.723945819
    0.500000000 -129.914723671   -4.585987640
    0.510000000 -129.954685568   -4.926128332
    0.520000000 -130.008649851   -8.169693423
    0.530000000 -130.109533798  -13.785459374
    0.540000000 -130.272910787  -20.663163933
    0.550000000 -130.503274768  -27.276365965
    0.560000000 -130.794034858  -31.806216154
    0.570000000 -131.114543216  -33.223656636
    0.580000000 -131.429696003  -30.631245262
    0.590000000 -131.697936545  -24.448711506
    0.600000000 -131.886724511  -15.232021324
    0.610000000 -131.978313261   -4.782156823
    0.620000000 -131.968768079    5.483746994
    0.630000000 -131.865651347   13.381777744
    0.640000000 -131.699842646   17.494017701
    0.650000000 -131.509831486   17.691582036
    0.660000000 -131.337918980   14.482001356
    0.670000000 -131.215466849    8.363152791
    0.680000000 -131.155672097    1.200919790
    0.690000000 -131.167624300   -5.257042661
    0.700000000 -131.235396857   -8.902714172
    0.710000000 -131.321704506   -9.399166522
    0.720000000 -131.395694329   -6.378335987
    0.730000000 -131.429128699   -0.699835522
    0.740000000 -131.391879818    5.899467033
    0.750000000 -131.290545024   12.080605291
    0.760000000 -131.136425213   16.757495318
    0.770000000 -130.945854550   18.954819955
    0.780000000 -130.749265190   18.634832458
    0.790000000 -130.563196235   16.518762460
    0.800000000 -130.402441150   13.848257487
    0.810000000 -130.268033132   11.617738694
    0.820000000 -130.147004083   10.470688228
    0.830000000 -130.033311997   10.228909720
    0.840000000 -129.921831624   10.413376717
    0.850000000 -129.809779767   10.436171125
    0.860000000 -129.703036204    9.507859387
    0.870000000 -129.613063536    7.040376223
    0.880000000 -129.551016878    3.196364318
    0.890000000 -129.530984893   -0.901966460
    0.900000000 -129.548801928   -4.685630891
    0.910000000 -129.605381894   -7.561713944
    0.920000000 -129.679271847   -8.860094467
    0.930000000 -129.755456055   -8.426276420
    0.940000000 -129.820964653   -6.561986291
    0.950000000 -129.861842763   -3.363360722
    0.960000000 -129.869970852    0.090680812
    0.970000000 -129.847548770    3.125887510
    0.980000000 -129.798524133    4.852363123
    0.990000000 -129.736860104    5.662529110
    1.000000000 -129.674931530    4.843162274
    1.010000000 -129.622468297    3.091893407
    1.020000000 -129.592368440    1.189660552
    1.030000000 -129.579988751    0.023547457
    1.040000000 -129.572568479   -0.395719503
    1.050000000 -129.566363128    0.946061466
    1.060000000 -129.535909153    3.429410116
    1.070000000 -129.477588825    7.057614802
    1.080000000 -129.377255636   11.160067410
    1.090000000 -129.240978973   14.603513858
    1.100000000 -129.074311680   16.635183288
    1.110000000 -128.895012125   17.412079808
    1.120000000 -128.717000068   15.834550933
    1.130000000 -128.563555289   12.633764634
    1.140000000 -128.453448928    8.045318395
    1.150000000 -128.391936476    2.186544314
    1.160000000 -128.391819787   -3.731736347
    1.170000000 -128.446412603   -9.166000628
    1.180000000 -128.551470495  -13.545547441
    1.190000000 -128.699458158  -16.527685729
    1.200000000 -128.867301707  -18.216105978
    1.210000000 -129.039806133  -18.319499698
    1.220000000 -129.210851927  -17.103365657
    1.230000000 -129.365229788  -14.771379629
    1.240000000 -129.488782034  -11.870497959
    1.250000000 -129.583500829   -8.723913426
    1.260000000 -129.646158279   -5.742411334
    1.270000000 -129.685442352   -3.318247324
    1.280000000 -129.701892151   -2.359820189
    1.290000000 -129.717340852   -2.415641058
    1.300000000 -129.738939330   -3.688977468
    1.310000000 -129.779949457   -6.441246020
    1.320000000 -129.852942381   -9.922715960
    1.330000000 -129.965914116  -13.839690266
    1.340000000 -130.117024659  -17.823850548
    1.350000000 -130.301488253  -21.042861855
    1.360000000 -130.518270215  -23.319043851
    1.370000000 -130.752487264  -24.997394076
    1.380000000 -130.999598504  -25.745640756
    1.390000000 -131.249526037  -26.181190098
    1.400000000 -131.504777280  -26.179199802
    1.410000000 -131.755609228  -26.091388526
    1.420000000 -132.007627032  -26.105898734
    1.430000000 -132.261826013  -26.244118483
    1.440000000 -132.518104720  -26.699740559
    1.450000000 -132.781697119  -27.035974876
    1.460000000 -133.047296779  -27.886637034
    1.470000000 -133.318688082  -28.754117303
    1.480000000 -133.601869142  -28.952030272
    1.490000000 -133.884469148  -28.883372965
    1.500000000 -134.165017476  -28.169415669
    1.510000000 -134.431426404  -26.608373466
    1.520000000 -134.676491096  -24.105806930
    1.530000000 -134.891619601  -20.695316668
    1.540000000 -135.073385915  -16.816427132
    1.550000000 -135.217686989  -13.211972400
    1.560000000 -135.326529709  -10.810755807
    1.570000000 -135.419575331   -9.619993883
    1.580000000 -135.511838117   -9.921019754
    1.590000000 -135.609929016  -11.925825770
    1.600000000 -135.735001704  -14.983330746
    1.610000000 -135.894793150  -18.389683158
    1.620000000 -136.086426542  -21.600409325
    1.630000000 -136.312704054  -24.423688490
    1.640000000 -136.557795227  -26.238289088
    1.650000000 -136.815747899  -27.169306363
    1.660000000 -137.077761737  -27.086375313
    1.670000000 -137.339905564  -26.360665396
    1.680000000 -137.591032027  -25.882268605
    1.690000000 -137.841672927  -25.467956226
    1.700000000 -138.084084565  -25.224999187
    1.710000000 -138.326599248  -24.891736135
    1.720000000 -138.565185768  -23.832199411
    1.730000000 -138.785797142  -22.215202987
    1.740000000 -138.984448031  -19.658840594
    1.750000000 -139.154550899  -15.904878675
    1.760000000 -139.282917311  -11.360930113
    1.770000000 -139.362812924   -6.196410949
    1.780000000 -139.391628857   -0.713754914
    1.790000000 -139.363249148    4.482422120
    1.800000000 -139.284382767    9.423183980
    1.810000000 -139.159799709   13.398403410
    1.820000000 -138.998914370   16.803094879
    1.830000000 -138.809278888   19.340215136
    1.840000000 -138.593807074   21.393070297
    1.850000000 -138.363664306   23.251624398
    1.860000000 -138.112461117   25.198786265
    1.870000000 -137.839635451   27.515682009
    1.880000000 -137.540225598   30.471876751
    1.890000000 -137.211206724   33.774205226
    1.900000000 -136.845543362   37.498762167
    1.910000000 -136.444005428   40.874265334
    1.920000000 -136.010408257   44.131286868
    1.930000000 -135.544813613   46.914879728
    1.940000000 -135.052027192   49.213281074
    1.950000000 -134.539709979   50.818405502
    1.960000000 -134.016475852   51.897777783
    1.970000000 -133.485861699   52.185902310
    1.980000000 -132.954190047   51.691598390
    1.990000000 -132.431700027   51.133973937
    2.000000000 -131.909894042   50.228175093
    2.010000000 -131.397731567   50.309336734
    2.020000000 -130.876357989   51.971347327
    2.030000000 -130.332143929   55.735271018
    2.040000000 -129.737017264   61.783696752
    2.050000000 -129.071273136   69.831405129
    2.060000000 -128.312736421   79.402673448
    2.070000000 -127.453191446   90.299841700
    2.080000000 -126.481603277  101.003903746
    2.090000000 -125.408779815  111.114918031
    2.100000000 -124.243342775  119.983798287
    2.110000000 -122.996505864  126.872580795
    2.120000000 -121.688343379  131.879999379
    2.130000000 -120.340991080  135.201979885
    2.140000000 -118.967016005  137.275697796
    2.150000000 -117.574327865  138.504028718
    2.160000000 -116.170217352  140.266406254
    2.170000000 -114.744873161  142.894537000
    2.180000000 -113.283613591  147.068579386
    2.190000000 -111.772395215  153.588782885
    2.200000000 -110.184220101  161.893793986
    2.210000000 -108.503141069  172.265283612
    2.220000000 -106.711257069  183.367615390
    2.230000000 -104.807510453  194.807253685
    2.240000000 -102.793050821  205.272703962
    2.250000000 -100.683179588  214.204947033
    2.260000000  -98.490532929  220.976155753
    2.270000000  -96.244187470  225.795263463
    2.280000000  -93.956574151  228.663532451
    2.290000000  -91.644974781  230.725914947
    2.300000000  -89.317816282  232.542221061
    2.310000000  -86.967936802  234.895158058
    2.320000000  -84.591150823  237.749617287
    2.330000000  -82.181230188  241.568039557
    2.340000000  -79.728266223  246.242070958
    2.350000000  -77.225111055  251.619143503
    2.360000000  -74.665647309  257.865617016
    2.370000000  -72.039107951  265.203720711
    2.380000000  -69.329602109  273.936761919
    2.390000000  -66.523709186  285.036103320
    2.400000000  -63.593076907  298.626048080
    2.410000000  -60.514859063  315.097852341
    2.420000000  -57.257990628  333.673370040
    2.430000000  -53.807609607  353.778566742
    2.440000000  -50.156582084  374.137178899
    2.450000000  -46.308934635  392.862865434
    2.460000000  -42.288210454  408.068472780
    2.470000000  -38.140664486  418.244325035
    2.480000000  -33.923840230  421.715220219
    2.490000000  -29.712765549  417.467759510
    2.500000000  -25.584714926  404.555633633
    2.510000000  -21.628568777  383.317541197
    2.520000000  -17.922071820  354.286814513
    2.530000000  -14.540680222  319.273649540
    2.540000000  -11.532689646  279.875632784
    2.550000000   -8.931878392  238.450644666
    2.560000000   -6.746892626  197.211538547
    2.570000000   -4.964410173  158.106131359
    2.580000000   -3.556366760  122.904363385
    2.590000000   -2.475403584   92.356331252
    2.600000000   -1.674830483   67.221246492
    2.610000000   -1.098123437   47.177031924
    2.620000000   -0.698016082   31.983179972
    2.630000000   -0.432041199   21.100212433
    2.640000000   -0.256711203   13.270531367
    2.650000000   -0.146541038    7.980441337
    2.660000000   -0.081310044    4.665027345
    2.670000000   -0.039784595    2.352950720
    2.680000000   -0.020907938    1.304218342
    2.690000000   -0.008897598    0.569892460
    2.700000000   -0.003125608    0.202941717
    2.710000000   -0.001339430    0.090926904
    2.720000000   -0.000468423    0.032999632
    2.730000000   -0.000000000   -0.000000000
    2.740000000   -0.000000000   -0.000000000
    2.750000000   -0.000000000   -0.000000000
    2.760000000   -0.000000000   -0.000000000
    2.770000000   -0.000000000   -0.000000000
    2.780000000   -0.000000000   -0.000000000
    2.790000000   -0.000000000   -0.000000000
    2.800000000   -0.000000000   -0.000000000
    2.810000000   -0.000000000   -0.000000000
    2.820000000   -0.000000000   -0.000000000
    2.830000000   -0.000000000   -0.000000000
    2.840000000   -0.000000000   -0.000000000
    2.850000000   -0.000000000   -0.000000000
    2.860000000   -0.000000000   -0.000000000
    2.870000000   -0.000000000   -0.000000000
    2.880000000   -0.000000000   -0.000000000
    2.890000000   -0.000000000   -0.000000000
    2.900000000   -0.000000000   -0.000000000
    2.910000000   -0.000000000   -0.000000000
    2.920000000   -0.000000000   -0.000000000
    2.930000000   -0.000000000   -0.000000000
    2.940000000   -0.000000000   -0.000000000
    2.950000000   -0.000000000   -0.000000000
    2.960000000   -0.000000000   -0.000000000
    2.970000000   -0.000000000   -0.000000000
    2.980000000   -0.000000000   -0.000000000
    2.990000000   -0.000000000   -0.000000000
    3.000000000   -0.000000000   -0.000000000
