#! FIELDS cv1 file.free der_cv1
#! SET min_cv1 0
#! SET max_cv1 3.0
#! SET nbins_cv1  301
#! SET periodic_cv1 false
    0.000000000  -37.920578872 -679.654001037
    0.010000000  -44.756280272 -681.324748564
    0.020000000  -51.458379437 -653.130671581
    0.030000000  -57.738772391 -597.862195620
    0.040000000  -63.355583102 -521.731036912
    0.050000000  -68.142306033 -433.339317511
    0.060000000  -72.021935998 -342.061375133
    0.070000000  -75.014291431 -256.949071319
    0.080000000  -77.216152941 -184.892865622
    0.090000000  -78.782230391 -130.151602439
    0.100000000  -79.892185076  -93.797117297
    0.110000000  -80.724796847  -74.281087564
    0.120000000  -81.434602981  -68.200686726
    0.130000000  -82.127301965  -70.578011959
    0.140000000  -82.867624438  -76.886081952
    0.150000000  -83.676677363  -83.378807364
    0.160000000  -84.538282124  -87.291858815
    0.170000000  -85.421051545  -87.587023265
    0.180000000  -86.290656804  -84.602486910
    0.190000000  -87.114595478  -79.428313180
    0.200000000  -87.877063822  -73.569214622
    0.210000000  -88.577468672  -67.953160525
    0.220000000  -89.225078160  -62.948625387
    0.230000000  -89.826764496  -58.632293822
    0.240000000  -90.389339194  -54.573747176
    0.250000000  -90.906884423  -50.293462360
    0.260000000  -91.378950502  -45.351990266
    0.270000000  -91.801543425  -39.668133924
    0.280000000  -92.165225670  -33.664309090
    0.290000000  -92.467050173  -27.642238095
    0.300000000  -92.712642786  -22.194237664
    0.310000000  -92.909865191  -17.759494339
    0.320000000  -93.066810675  -14.344058827
    0.330000000  -93.189395451  -11.358129389
    0.340000000  -93.286839125   -8.670173040
    0.350000000  -93.355687459   -6.204252040
    0.360000000  -93.396870143   -3.923512281
    0.370000000  -93.424305067   -2.271987552
    0.380000000  -93.440197561   -2.142804700
    0.390000000  -93.461446430   -3.781088274
    0.400000000  -93.511749229   -7.638542711
    0.410000000  -93.611219456  -13.557936712
    0.420000000  -93.776296522  -20.721319689
    0.430000000  -94.017001977  -27.985770252
    0.440000000  -94.322049402  -34.094683994
    0.450000000  -94.677160691  -37.591172439
    0.460000000  -95.050762095  -38.162573691
    0.470000000  -95.414566319  -35.259105144
    0.480000000  -95.736766066  -29.896205791
    0.490000000  -95.994331889  -23.360448885
    0.500000000  -96.189267121  -16.412592377
    0.510000000  -96.319237026  -10.528237579
    0.520000000  -96.393641270   -6.152684548
    0.530000000  -96.432810241   -3.021580082
    0.540000000  -96.445598359   -0.721491253
    0.550000000  -96.434865158    1.276988688
    0.560000000  -96.404411034    3.859445752
    0.570000000  -96.344229826    7.198153363
    0.580000000  -96.246607777   11.378864295
    0.590000000  -96.103878063   16.061548388
    0.600000000  -95.910366274   20.855544254
    0.610000000  -95.674152964   24.967569929
    0.620000000  -95.405972238   27.875022225
    0.630000000  -95.117411324   28.577281366
    0.640000000  -94.833194632   26.443883754
    0.650000000  -94.581427780   21.927653611
    0.660000000  -94.386009004   15.570432978
    0.670000000  -94.263970728    7.709980129
    0.680000000  -94.217568764   -0.389254956
    0.690000000  -94.251051190   -7.447007355
    0.700000000  -94.347139391  -12.045562839
    0.710000000  -94.474260265  -14.213067080
    0.720000000  -94.609811145  -13.495219277
    0.730000000  -94.728744253  -10.523075255
    0.740000000  -94.805021206   -6.674238167
    0.750000000  -94.841510901   -2.630130557
    0.760000000  -94.844186824    0.886370960
    0.770000000  -94.816431547    2.996685211
    0.780000000  -94.776846379    3.689939349
    0.790000000  -94.735757385    3.537612685
    0.800000000  -94.695342532    3.070970730
    0.810000000  -94.658596839    3.266043700
    0.820000000  -94.611812141    4.589138403
    0.830000000  -94.547412287    6.791930712
    0.840000000  -94.459274467    9.681978238
    0.850000000  -94.342190104   12.680364500
    0.860000000  -94.197937426   15.380438331
    0.870000000  -94.030350660   17.028145369
    0.880000000  -93.848525872   17.716816925
    0.890000000  -93.663213062   18.037058302
    0.900000000  -93.474011329   18.166108029
    0.910000000  -93.287182432   18.259645805
    0.920000000  -93.096081969   18.638857302
    0.930000000  -92.899931690   19.215163795
    0.940000000  -92.697758746   19.771475102
    0.950000000  -92.490893920   20.195347942
    0.960000000  -92.282558719   20.003576487
    0.970000000  -92.081944873   19.012128541
    0.980000000  -91.896910290   16.761401080
    0.990000000  -91.737918804   13.548227541
    1.000000000  -91.618876785    8.946997908
    1.010000000  -91.546529112    3.469333089
    1.020000000  -91.534170103   -2.345930363
    1.030000000  -91.579767998   -7.746645769
    1.040000000  -91.675038482  -12.680353219
    1.050000000  -91.817177733  -16.103108318
    1.060000000  -91.982631087  -18.088157779
    1.070000000  -92.160870323  -18.076981037
    1.080000000  -92.326428731  -16.253886005
    1.090000000  -92.468347093  -13.080150887
    1.100000000  -92.573292270   -9.078673514
    1.110000000  -92.636180146   -4.582425111
    1.120000000  -92.656192992   -0.928941322
    1.130000000  -92.644924801    1.443371601
    1.140000000  -92.622370036    2.063528676
    1.150000000  -92.601445286    0.444854496
    1.160000000  -92.607485102   -3.000105648
    1.170000000  -92.653385339   -7.702888466
    1.180000000  -92.749453577  -12.874323354
    1.190000000  -92.901217589  -17.619272665
    1.200000000  -93.092559066  -21.498765759
    1.210000000  -93.312400781  -23.697895601
    1.220000000  -93.549876893  -24.471121220
    1.230000000  -93.788224618  -23.717626326
    1.240000000  -94.012248536  -22.209447581
    1.250000000  -94.219423465  -20.413319173
    1.260000000  -94.407858307  -18.818025508
    1.270000000  -94.587498341  -17.827468017
    1.280000000  -94.758664526  -18.107204514
    1.290000000  -94.938935403  -19.041882853
    1.300000000  -95.129999672  -20.624131877
    1.310000000  -95.340560313  -22.563204299
    1.320000000  -95.567424018  -24.191836274
    1.330000000  -95.809618501  -25.030268345
    1.340000000  -96.055062316  -24.820673860
    1.350000000  -96.289672618  -23.283792230
    1.360000000  -96.507676164  -20.680517467
    1.370000000  -96.694007846  -17.824098409
    1.380000000  -96.850729659  -14.647066808
    1.390000000  -96.977079800  -12.322701322
    1.400000000  -97.087220031  -10.843223702
    1.410000000  -97.185532434  -10.501092984
    1.420000000  -97.287475312  -11.418087957
    1.430000000  -97.403190743  -13.076831982
    1.440000000  -97.539703291  -15.364531387
    1.450000000  -97.700095973  -17.442694932
    1.460000000  -97.879329640  -19.559932660
    1.470000000  -98.074673682  -21.171081790
    1.480000000  -98.284968805  -21.618142204
    1.490000000  -98.495319756  -21.257540728
    1.500000000  -98.699410315  -20.119374578
    1.510000000  -98.884562694  -18.097301537
    1.520000000  -99.045138704  -15.119402593
    1.530000000  -99.172488473  -11.704388572
    1.540000000  -99.267286336   -8.295048500
    1.550000000  -99.330969004   -5.443008075
    1.560000000  -99.368918471   -4.174345572
    1.570000000  -99.405757936   -4.487176367
    1.580000000  -99.456735683   -6.537261903
    1.590000000  -99.533324159  -10.523202074
    1.600000000  -99.656231049  -15.410779587
    1.610000000  -99.830410731  -20.574935568
    1.620000000 -100.053090188  -24.996134203
    1.630000000 -100.318815290  -28.350655468
    1.640000000 -100.604543323  -30.006314233
    1.650000000 -100.898011267  -29.912472869
    1.660000000 -101.182912611  -28.199518591
    1.670000000 -101.447559470  -25.347438857
    1.680000000 -101.677769067  -22.502369177
    1.690000000 -101.884884335  -19.678468807
    1.700000000 -102.061801394  -17.305043169
    1.710000000 -102.219627035  -15.417550288
    1.720000000 -102.360003191  -13.488996661
    1.730000000 -102.477438879  -11.773281327
    1.740000000 -102.577056140   -9.839012850
    1.750000000 -102.657428459   -7.308031558
    1.760000000 -102.710087917   -4.628549003
    1.770000000 -102.736427379   -1.710536546
    1.780000000 -102.734578589    1.354821413
    1.790000000 -102.700703159    4.096813582
    1.800000000 -102.639711768    6.869881906
    1.810000000 -102.551794343    8.932368207
    1.820000000 -102.445840115   10.998212138
    1.830000000 -102.320932327   12.676540079
    1.840000000 -102.175278245   14.510188787
    1.850000000 -102.014531465   16.754244499
    1.860000000 -101.826942287   19.627819081
    1.870000000 -101.606101997   23.129470632
    1.880000000 -101.345742456   27.422691153
    1.890000000 -101.043211165   32.070376960
    1.900000000 -100.691028246   36.884214573
    1.910000000 -100.292555621   41.165984477
    1.920000000  -99.855278004   45.202336283
    1.930000000  -99.377739212   48.821421119
    1.940000000  -98.862487705   52.148592341
    1.950000000  -98.316208100   55.384196518
    1.960000000  -97.739843635   58.352932110
    1.970000000  -97.136419500   60.962922308
    1.980000000  -96.507861689   62.706079789
    1.990000000  -95.867054007   63.960225967
    2.000000000  -95.214332194   64.126003625
    2.010000000  -94.564459046   64.320297743
    2.020000000  -93.909240447   65.121487354
    2.030000000  -93.242001570   67.222009757
    2.040000000  -92.544608787   71.256280734
    2.050000000  -91.795786374   77.471482062
    2.060000000  -90.969650447   85.704315635
    2.070000000  -90.053038279   95.972748663
    2.080000000  -89.026351991  106.828613356
    2.090000000  -87.895084723  117.725838831
    2.100000000  -86.660716679  127.599631193
    2.110000000  -85.333507872  135.538083408
    2.120000000  -83.937785878  141.557372891
    2.130000000  -82.491503771  145.700950710
    2.140000000  -81.010389242  148.412221988
    2.150000000  -79.504603635  150.512614431
    2.160000000  -77.978529020  152.891401106
    2.170000000  -76.427065911  156.014213477
    2.180000000  -74.838079532  159.984702123
    2.190000000  -73.206525317  164.979679898
    2.200000000  -71.520169019  170.253531541
    2.210000000  -69.780601639  175.820075812
    2.220000000  -67.985704586  180.545430877
    2.230000000  -66.148436731  184.682369782
    2.240000000  -64.274285012  187.749011563
    2.250000000  -62.376052386  190.162884364
    2.260000000  -60.452876268  192.001577514
    2.270000000  -58.512997702  194.310903535
    2.280000000  -56.544592031  197.355794149
    2.290000000  -54.536554968  202.093307607
    2.300000000  -52.472444111  209.226468966
    2.310000000  -50.325670578  218.791774516
    2.320000000  -48.071026400  230.492387075
    2.330000000  -45.690004799  243.844713583
    2.340000000  -43.171405731  257.962018693
    2.350000000  -40.512932411  271.562889798
    2.360000000  -37.727536208  283.505730495
    2.370000000  -34.835455434  292.437196913
    2.380000000  -31.871097701  297.597507568
    2.390000000  -28.878006990  298.784386628
    2.400000000  -25.894343069  295.548530552
    2.410000000  -22.964529300  288.201656268
    2.420000000  -20.126775664  276.982004620
    2.430000000  -17.418477611  262.449610358
    2.440000000  -14.871478719  245.120066776
    2.450000000  -12.511075469  225.403282712
    2.460000000  -10.355782628  203.626041837
    2.470000000   -8.426328878  180.741838606
    2.480000000   -6.729751422  157.255588850
    2.490000000   -5.269095874  133.927715546
    2.500000000   -4.037497594  111.348700675
    2.510000000   -3.024710204   90.303910120
    2.520000000   -2.212404066   71.323332862
    2.530000000   -1.578277361   54.804346282
    2.540000000   -1.096058086   40.864909491
    2.550000000   -0.741510324   29.641305060
    2.560000000   -0.486512786   20.768066081
    2.570000000   -0.310355984   14.127366720
    2.580000000   -0.192334019    9.326253845
    2.590000000   -0.114175565    5.853682982
    2.600000000   -0.066011436    3.581701512
    2.610000000   -0.035596813    2.021172550
    2.620000000   -0.017997088    1.062707211
    2.630000000   -0.009599842    0.600826462
    2.640000000   -0.004511158    0.295764255
    2.650000000   -0.001655381    0.111455564
    2.660000000   -0.000528022    0.037024190
    2.670000000   -0.000000000   -0.000000000
    2.680000000   -0.000000000   -0.000000000
    2.690000000   -0.000000000   -0.000000000
    2.700000000   -0.000000000   -0.000000000
    2.710000000   -0.000000000   -0.000000000
    2.720000000   -0.000000000   -0.000000000
    2.730000000   -0.000000000   -0.000000000
    2.740000000   -0.000000000   -0.000000000
    2.750000000   -0.000000000   -0.000000000
    2.760000000   -0.000000000   -0.000000000
    2.770000000   -0.000000000   -0.000000000
    2.780000000   -0.000000000   -0.000000000
    2.790000000   -0.000000000   -0.000000000
    2.800000000   -0.000000000   -0.000000000
    2.810000000   -0.000000000   -0.000000000
    2.820000000   -0.000000000   -0.000000000
    2.830000000   -0.000000000   -0.000000000
    2.840000000   -0.000000000   -0.000000000
    2.850000000   -0.000000000   -0.000000000
    2.860000000   -0.000000000   -0.000000000
    2.870000000   -0.000000000   -0.000000000
    2.880000000   -0.000000000   -0.000000000
    2.890000000   -0.000000000   -0.000000000
    2.900000000   -0.000000000   -0.000000000
    2.910000000   -0.000000000   -0.000000000
    2.920000000   -0.000000000   -0.000000000
    2.930000000   -0.000000000   -0.000000000
    2.940000000   -0.000000000   -0.000000000
    2.950000000   -0.000000000   -0.000000000
    2.960000000   -0.000000000   -0.000000000
    2.970000000   -0.000000000   -0.000000000
    2.980000000   -0.000000000   -0.000000000
    2.990000000   -0.000000000   -0.000000000
    3.000000000   -0.000000000   -0.000000000
