#! FIELDS cv1 file.free der_cv1
#! SET min_cv1 0
#! SET max_cv1 3.0
#! SET nbins_cv1  301
#! SET periodic_cv1 false
    0.000000000 -120.925101069 -1592.098347848
    0.010000000 -136.033738245 -1414.496417383
    0.020000000 -149.023501054 -1172.754215185
    0.030000000 -159.395379151 -896.753610175
    0.040000000 -166.976127131 -620.218135462
    0.050000000 -171.921356977 -374.158613966
    0.060000000 -174.658869234 -181.315382376
    0.070000000 -175.787258317  -52.877138961
    0.080000000 -175.951544418   12.303369291
    0.090000000 -175.737333006   25.082780319
    0.100000000 -175.591175709    2.081926362
    0.110000000 -175.775194743  -38.177335524
    0.120000000 -176.380989726  -79.814424485
    0.130000000 -177.361575579 -111.673497376
    0.140000000 -178.590137715 -128.553865495
    0.150000000 -179.903401988 -129.720869222
    0.160000000 -181.163654091 -118.744623448
    0.170000000 -182.272834530 -100.613778929
    0.180000000 -183.187197811  -80.500665934
    0.190000000 -183.893600230  -64.007164688
    0.200000000 -184.434864066  -52.563396170
    0.210000000 -184.883076118  -43.803677109
    0.220000000 -185.271192664  -37.712336974
    0.230000000 -185.615693178  -33.033077068
    0.240000000 -185.913943818  -28.425589958
    0.250000000 -186.160505733  -22.818016314
    0.260000000 -186.341367775  -15.073807293
    0.270000000 -186.448725549   -5.621279854
    0.280000000 -186.449710689    4.210307387
    0.290000000 -186.353807479   12.520720067
    0.300000000 -186.186345580   18.240300312
    0.310000000 -185.976974542   19.783054141
    0.320000000 -185.773608890   17.592946700
    0.330000000 -185.612465159   11.933592609
    0.340000000 -185.521381763    3.942362539
    0.350000000 -185.507797262   -4.038026947
    0.360000000 -185.567186901   -9.580195851
    0.370000000 -185.662238781  -10.840010506
    0.380000000 -185.743280163   -7.496990885
    0.390000000 -185.770414339    0.282715617
    0.400000000 -185.699236113   12.025037594
    0.410000000 -185.504118928   24.975323771
    0.420000000 -185.178206458   37.026208350
    0.430000000 -184.745330290   46.496884295
    0.440000000 -184.233889586   51.688979661
    0.450000000 -183.698081101   52.693266224
    0.460000000 -183.173179523   49.722181765
    0.470000000 -182.694490484   43.452533591
    0.480000000 -182.289787315   35.575244971
    0.490000000 -181.956552991   27.975778291
    0.500000000 -181.697461978   21.907766100
    0.510000000 -181.484717850   17.951313666
    0.520000000 -181.298754736   17.638931823
    0.530000000 -181.103444819   19.517917361
    0.540000000 -180.880024377   23.697533410
    0.550000000 -180.609591129   28.693935854
    0.560000000 -180.285683686   32.864534539
    0.570000000 -179.920770318   36.122091438
    0.580000000 -179.532787082   38.331584947
    0.590000000 -179.133332172   38.359091806
    0.600000000 -178.744942994   36.741352468
    0.610000000 -178.377064300   34.422164452
    0.620000000 -178.035545345   31.379160480
    0.630000000 -177.723069626   28.594191676
    0.640000000 -177.431156484   26.712627415
    0.650000000 -177.156486304   27.055759512
    0.660000000 -176.871779850   28.667608409
    0.670000000 -176.555497771   32.156603768
    0.680000000 -176.196485553   37.161677927
    0.690000000 -175.777595522   43.665180918
    0.700000000 -175.290243560   50.645073157
    0.710000000 -174.737637979   56.912971104
    0.720000000 -174.132637121   61.726004613
    0.730000000 -173.492423041   63.533788601
    0.740000000 -172.845513062   62.754919823
    0.750000000 -172.223583387   58.837534028
    0.760000000 -171.650588656   52.503763281
    0.770000000 -171.146647661   46.216236404
    0.780000000 -170.699655690   40.415090587
    0.790000000 -170.306099650   36.746262963
    0.800000000 -169.936229430   35.871524618
    0.810000000 -169.564900823   36.689620340
    0.820000000 -169.178643931   38.001991675
    0.830000000 -168.783884846   38.407076095
    0.840000000 -168.399357004   35.474582267
    0.850000000 -168.057273302   28.874191157
    0.860000000 -167.808975484   19.111451416
    0.870000000 -167.666737996    6.384397790
    0.880000000 -167.655016940   -6.777750204
    0.890000000 -167.767493814  -17.519947861
    0.900000000 -167.969757202  -25.014429867
    0.910000000 -168.229792183  -28.004378437
    0.920000000 -168.496732143  -27.138761189
    0.930000000 -168.735697530  -23.267648343
    0.940000000 -168.930959865  -17.543163265
    0.950000000 -169.069946498  -11.383875362
    0.960000000 -169.143498306   -5.847930092
    0.970000000 -169.166447879   -1.501297590
    0.980000000 -169.154208557    2.258347329
    0.990000000 -169.105679011    4.667985863
    1.000000000 -169.041131636    5.681532375
    1.010000000 -168.976309685    4.817122262
    1.020000000 -168.925895974    2.178504762
    1.030000000 -168.915798319   -2.922308496
    1.040000000 -168.966510858   -8.864957781
    1.050000000 -169.080699963  -15.882614164
    1.060000000 -169.264833387  -21.896183457
    1.070000000 -169.498253876  -26.072717554
    1.080000000 -169.756673039  -27.713562624
    1.090000000 -170.012891108  -25.933463090
    1.100000000 -170.237071642  -21.445308235
    1.110000000 -170.410801374  -14.810815686
    1.120000000 -170.519191505   -8.732084266
    1.130000000 -170.568036462   -3.979713361
    1.140000000 -170.583574945   -1.474965816
    1.150000000 -170.591738573   -1.763484345
    1.160000000 -170.611057657   -4.559185903
    1.170000000 -170.664548200   -7.627374267
    1.180000000 -170.744891589  -10.510283880
    1.190000000 -170.844871318  -11.430284280
    1.200000000 -170.941979346   -9.597427934
    1.210000000 -171.006676816   -6.047851939
    1.220000000 -171.035947869   -1.197410703
    1.230000000 -171.022568132    2.136476731
    1.240000000 -170.984610585    2.917965868
    1.250000000 -170.957654733   -0.592595661
    1.260000000 -170.991507013   -8.132412341
    1.270000000 -171.115491513  -19.259594320
    1.280000000 -171.362702550  -32.362540741
    1.290000000 -171.741207195  -45.199149360
    1.300000000 -172.238486333  -55.968138170
    1.310000000 -172.828388181  -63.858849524
    1.320000000 -173.481703068  -68.482216090
    1.330000000 -174.167487446  -69.756836875
    1.340000000 -174.853682702  -69.665065796
    1.350000000 -175.537894303  -69.313184591
    1.360000000 -176.224453384  -69.557713819
    1.370000000 -176.919830423  -71.324678206
    1.380000000 -177.631892359  -74.381270176
    1.390000000 -178.384687533  -77.396879770
    1.400000000 -179.158974173  -80.503032001
    1.410000000 -179.961543208  -81.401685633
    1.420000000 -180.759738401  -79.987668228
    1.430000000 -181.530480954  -75.722742333
    1.440000000 -182.251528129  -69.389087427
    1.450000000 -182.896406961  -61.519254467
    1.460000000 -183.460113757  -53.040822758
    1.470000000 -183.941983754  -45.384499788
    1.480000000 -184.351582373  -38.834587484
    1.490000000 -184.704004489  -34.355780565
    1.500000000 -185.021736380  -31.037812334
    1.510000000 -185.315646984  -29.750272581
    1.520000000 -185.600050796  -29.739903601
    1.530000000 -185.888913974  -30.412782917
    1.540000000 -186.190143853  -30.883905710
    1.550000000 -186.489828189  -31.208976069
    1.560000000 -186.783740758  -30.551422243
    1.570000000 -187.070709451  -28.206155849
    1.580000000 -187.327830750  -24.534914800
    1.590000000 -187.535456555  -19.417587791
    1.600000000 -187.686785907  -14.199520331
    1.610000000 -187.795186483   -8.846832001
    1.620000000 -187.853560114   -5.199176126
    1.630000000 -187.882195791   -3.627885822
    1.640000000 -187.911114653   -4.261150118
    1.650000000 -187.947282240   -6.537266418
    1.660000000 -188.012640543   -9.062765201
    1.670000000 -188.106205264  -10.755760869
    1.680000000 -188.205441122  -10.884556401
    1.690000000 -188.285420894   -8.378960155
    1.700000000 -188.337255812   -3.763092984
    1.710000000 -188.339447441    1.342812986
    1.720000000 -188.289581083    5.699700401
    1.730000000 -188.203069571    8.181354625
    1.740000000 -188.107256169    8.121475153
    1.750000000 -188.025130279    6.159517956
    1.760000000 -187.965416710    3.422497916
    1.770000000 -187.929263507    1.840070051
    1.780000000 -187.889652145    3.715081976
    1.790000000 -187.810925600   10.282303220
    1.800000000 -187.645083455   21.749665052
    1.810000000 -187.334636187   36.796127429
    1.820000000 -186.870222814   54.107514828
    1.830000000 -186.234784610   70.510960528
    1.840000000 -185.444196565   84.107889362
    1.850000000 -184.541813545   92.853771756
    1.860000000 -183.577228848   96.243888260
    1.870000000 -182.607089038   94.874397733
    1.880000000 -181.667110499   89.391666919
    1.890000000 -180.790911776   82.695973811
    1.900000000 -179.982327740   75.656989971
    1.910000000 -179.234685871   71.056113817
    1.920000000 -178.518947784   69.861213239
    1.930000000 -177.798366273   72.860936273
    1.940000000 -177.023193830   79.982233889
    1.950000000 -176.153490265   90.602898175
    1.960000000 -175.170377055  104.642000868
    1.970000000 -174.033402386  120.092485686
    1.980000000 -172.738542321  135.508303905
    1.990000000 -171.287392211  151.087857903
    2.000000000 -169.685755175  165.531773169
    2.010000000 -167.943054211  178.762114363
    2.020000000 -166.081339117  191.149827882
    2.030000000 -164.098314806  202.600703486
    2.040000000 -161.998031120  213.353966851
    2.050000000 -159.793050646  224.071861909
    2.060000000 -157.484050383  235.343109715
    2.070000000 -155.059856455  245.829667510
    2.080000000 -152.531976083  256.066890301
    2.090000000 -149.904718812  266.339488160
    2.100000000 -147.178310805  276.326636197
    2.110000000 -144.348426237  285.993173254
    2.120000000 -141.421267365  295.618783697
    2.130000000 -138.399098090  305.571874428
    2.140000000 -135.273657467  314.796169771
    2.150000000 -132.063175121  324.011278670
    2.160000000 -128.760389124  332.252076151
    2.170000000 -125.377841913  339.671829399
    2.180000000 -121.929906217  346.555378059
    2.190000000 -118.413442853  352.344626706
    2.200000000 -114.837432410  358.455825390
    2.210000000 -111.200250531  365.994823495
    2.220000000 -107.475101383  375.517425849
    2.230000000 -103.638385727  388.439078743
    2.240000000  -99.651453641  405.638201660
    2.250000000  -95.468232643  427.476124830
    2.260000000  -91.047090069  454.067933007
    2.270000000  -86.339984964  483.884634434
    2.280000000  -81.325534491  515.690591544
    2.290000000  -75.993390144  547.058695853
    2.300000000  -70.357792528  575.287907704
    2.310000000  -64.469086685  598.367364803
    2.320000000  -58.385636847  613.306576125
    2.330000000  -52.200808844  618.524639851
    2.340000000  -46.021372301  612.923063097
    2.350000000  -39.951489390  595.280640806
    2.360000000  -34.118157011  566.739795425
    2.370000000  -28.622884593  527.847818874
    2.380000000  -23.562197309  480.536616996
    2.390000000  -19.006133358  426.864027491
    2.400000000  -15.006877116  369.789909684
    2.410000000  -11.586234497  312.151233792
    2.420000000   -8.733157196  256.202263881
    2.430000000   -6.424762379  204.677917096
    2.440000000   -4.602885762  158.579170735
    2.450000000   -3.207679685  119.048251865
    2.460000000   -2.173930248   86.669840601
    2.470000000   -1.428200320   60.903427655
    2.480000000   -0.911976564   41.537992789
    2.490000000   -0.563814186   27.341391617
    2.500000000   -0.337010777   17.352241952
    2.510000000   -0.192679772   10.471301889
    2.520000000   -0.104748850    5.972951585
    2.530000000   -0.053662744    3.197079516
    2.540000000   -0.027240948    1.705701171
    2.550000000   -0.012826359    0.840888511
    2.560000000   -0.004095722    0.274185511
    2.570000000   -0.001529078    0.107647078
    2.580000000   -0.000000000   -0.000000000
    2.590000000   -0.000000000   -0.000000000
    2.600000000   -0.000000000   -0.000000000
    2.610000000   -0.000000000   -0.000000000
    2.620000000   -0.000000000   -0.000000000
    2.630000000   -0.000000000   -0.000000000
    2.640000000   -0.000000000   -0.000000000
    2.650000000   -0.000000000   -0.000000000
    2.660000000   -0.000000000   -0.000000000
    2.670000000   -0.000000000   -0.000000000
    2.680000000   -0.000000000   -0.000000000
    2.690000000   -0.000000000   -0.000000000
    2.700000000   -0.000000000   -0.000000000
    2.710000000   -0.000000000   -0.000000000
    2.720000000   -0.000000000   -0.000000000
    2.730000000   -0.000000000   -0.000000000
    2.740000000   -0.000000000   -0.000000000
    2.750000000   -0.000000000   -0.000000000
    2.760000000   -0.000000000   -0.000000000
    2.770000000   -0.000000000   -0.000000000
    2.780000000   -0.000000000   -0.000000000
    2.790000000   -0.000000000   -0.000000000
    2.800000000   -0.000000000   -0.000000000
    2.810000000   -0.000000000   -0.000000000
    2.820000000   -0.000000000   -0.000000000
    2.830000000   -0.000000000   -0.000000000
    2.840000000   -0.000000000   -0.000000000
    2.850000000   -0.000000000   -0.000000000
    2.860000000   -0.000000000   -0.000000000
    2.870000000   -0.000000000   -0.000000000
    2.880000000   -0.000000000   -0.000000000
    2.890000000   -0.000000000   -0.000000000
    2.900000000   -0.000000000   -0.000000000
    2.910000000   -0.000000000   -0.000000000
    2.920000000   -0.000000000   -0.000000000
    2.930000000   -0.000000000   -0.000000000
    2.940000000   -0.000000000   -0.000000000
    2.950000000   -0.000000000   -0.000000000
    2.960000000   -0.000000000   -0.000000000
    2.970000000   -0.000000000   -0.000000000
    2.980000000   -0.000000000   -0.000000000
    2.990000000   -0.000000000   -0.000000000
    3.000000000   -0.000000000   -0.000000000
