#! FIELDS cv1 file.free der_cv1
#! SET min_cv1 0
#! SET max_cv1 3.0
#! SET nbins_cv1  301
#! SET periodic_cv1 false
    0.000000000 -165.686334723 -1994.878005326
    0.010000000 -184.307463939 -1711.272221607
    0.020000000 -199.702729748 -1356.532690736
    0.030000000 -211.375695730 -975.297044572
    0.040000000 -219.300836379 -614.122969754
    0.050000000 -223.880377491 -311.676828877
    0.060000000 -225.841046236  -92.630657492
    0.070000000 -226.065763216   35.833649988
    0.080000000 -225.425545470   82.716721270
    0.090000000 -224.641376756   68.475686898
    0.100000000 -224.202242370   18.534793962
    0.110000000 -224.334682412  -42.198299147
    0.120000000 -225.046562410  -94.690761155
    0.130000000 -226.191539437 -127.715189902
    0.140000000 -227.558210696 -138.455903093
    0.150000000 -228.924096440 -129.393483386
    0.160000000 -230.129892944 -107.582038789
    0.170000000 -231.083543378  -80.541511672
    0.180000000 -231.769335810  -54.987997244
    0.190000000 -232.195759468  -38.348535292
    0.200000000 -232.470288522  -29.955522641
    0.210000000 -232.707502764  -26.075324913
    0.220000000 -232.950114859  -27.014984399
    0.230000000 -233.229332824  -30.890247979
    0.240000000 -233.552389143  -35.658580127
    0.250000000 -233.920250567  -39.484255051
    0.260000000 -234.313364694  -40.438424355
    0.270000000 -234.710031049  -38.438280892
    0.280000000 -235.065470323  -33.684120605
    0.290000000 -235.358702668  -27.697221390
    0.300000000 -235.587930032  -21.135770626
    0.310000000 -235.750749471  -15.784817553
    0.320000000 -235.868786041  -11.552025198
    0.330000000 -235.957939439   -9.475182349
    0.340000000 -236.039015970   -9.711726359
    0.350000000 -236.126809307  -11.576212451
    0.360000000 -236.238852311  -13.589508970
    0.370000000 -236.368831853  -14.944989993
    0.380000000 -236.504030086  -15.296927158
    0.390000000 -236.636145931  -14.084223340
    0.400000000 -236.749263746  -10.590406861
    0.410000000 -236.818832172   -6.075655416
    0.420000000 -236.837048334   -0.798595600
    0.430000000 -236.801898079    4.726882763
    0.440000000 -236.710968351    9.616706197
    0.450000000 -236.581427835   13.500727649
    0.460000000 -236.421155906   15.993537758
    0.470000000 -236.244585306   16.324517907
    0.480000000 -236.073576032   14.881402836
    0.490000000 -235.915705349   12.704646836
    0.500000000 -235.788166511   10.277508365
    0.510000000 -235.679239879    7.922359651
    0.520000000 -235.586639167    8.053908293
    0.530000000 -235.483633856    9.611835855
    0.540000000 -235.355608593   13.882237123
    0.550000000 -235.177784498   19.712949707
    0.560000000 -234.932891795   25.756213582
    0.570000000 -234.621159215   32.101138068
    0.580000000 -234.250888371   38.199744641
    0.590000000 -233.831155528   42.221491732
    0.600000000 -233.384191729   44.129342475
    0.610000000 -232.929042041   44.092370837
    0.620000000 -232.482739632   41.667014815
    0.630000000 -232.068031720   37.789328435
    0.640000000 -231.693276786   32.935340944
    0.650000000 -231.373491069   28.945988277
    0.660000000 -231.090703908   25.507293100
    0.670000000 -230.828596073   23.786633545
    0.680000000 -230.574766716   23.916318446
    0.690000000 -230.308276364   26.264280774
    0.700000000 -230.010901146   29.623732716
    0.710000000 -229.678181688   33.287506156
    0.720000000 -229.314470916   36.171626869
    0.730000000 -228.932898628   36.984434910
    0.740000000 -228.548518446   36.109452738
    0.750000000 -228.184601756   33.544439152
    0.760000000 -227.847112480   30.483185148
    0.770000000 -227.535348690   29.076186468
    0.780000000 -227.223548248   30.060165296
    0.790000000 -226.888967586   34.494499133
    0.800000000 -226.492924196   42.504825660
    0.810000000 -226.006035856   52.308557944
    0.820000000 -225.418482419   61.712533672
    0.830000000 -224.746898852   68.991824297
    0.840000000 -224.024736710   71.394908156
    0.850000000 -223.299992066   68.788728597
    0.860000000 -222.634055577   62.035227837
    0.870000000 -222.046934593   51.517968337
    0.880000000 -221.568100727   40.265845719
    0.890000000 -221.197633016   31.521661545
    0.900000000 -220.896475996   25.624637686
    0.910000000 -220.640494279   23.744039380
    0.920000000 -220.383231258   24.710336173
    0.930000000 -220.103007275   27.640404914
    0.940000000 -219.795831366   31.270890005
    0.950000000 -219.460766275   33.910447477
    0.960000000 -219.100330172   34.482437781
    0.970000000 -218.742654387   33.174789264
    0.980000000 -218.407951263   30.867523366
    0.990000000 -218.099472343   27.483609743
    1.000000000 -217.829143936   23.413267548
    1.010000000 -217.604893546   18.500926163
    1.020000000 -217.427928817   13.125337692
    1.030000000 -217.312522785    6.831593915
    1.040000000 -217.262407501    1.093769336
    1.050000000 -217.269409029   -4.961669375
    1.060000000 -217.332697314   -9.559271787
    1.070000000 -217.432863709  -12.792945805
    1.080000000 -217.552719221  -13.939669460
    1.090000000 -217.672241319  -13.018483466
    1.100000000 -217.772066329  -10.689001338
    1.110000000 -217.849258474   -7.325057268
    1.120000000 -217.899221482   -5.457239382
    1.130000000 -217.937600178   -5.266832440
    1.140000000 -217.986097531   -7.571460496
    1.150000000 -218.075143330  -12.489674768
    1.160000000 -218.218938932  -19.401913856
    1.170000000 -218.433923170  -25.801920751
    1.180000000 -218.707348613  -31.129575235
    1.190000000 -219.021030448  -33.759562185
    1.200000000 -219.342174238  -32.566289294
    1.210000000 -219.633759400  -28.861424636
    1.220000000 -219.883499786  -23.105254842
    1.230000000 -220.078035307  -18.088234953
    1.240000000 -220.228832294  -15.307872588
    1.250000000 -220.370338804  -16.500129100
    1.260000000 -220.546846377  -21.507812954
    1.270000000 -220.788894886  -29.883018188
    1.280000000 -221.124000338  -40.073532175
    1.290000000 -221.560441034  -49.769795546
    1.300000000 -222.083722462  -57.075521896
    1.310000000 -222.663064648  -61.035512948
    1.320000000 -223.264911670  -61.658569649
    1.330000000 -223.859827421  -59.088714906
    1.340000000 -224.417923956  -55.417886989
    1.350000000 -224.942761217  -52.344135642
    1.360000000 -225.444375923  -50.669039574
    1.370000000 -225.941952359  -51.284989219
    1.380000000 -226.448748491  -54.074019277
    1.390000000 -226.995734588  -57.260805231
    1.400000000 -227.564291020  -60.504037653
    1.410000000 -228.165282967  -61.225823847
    1.420000000 -228.755166633  -59.192055052
    1.430000000 -229.310875239  -53.648929612
    1.440000000 -229.798212391  -45.704396579
    1.450000000 -230.194987523  -35.825509756
    1.460000000 -230.488706632  -25.656875801
    1.470000000 -230.687071666  -16.623200674
    1.480000000 -230.803752967   -9.630732410
    1.490000000 -230.862545235   -6.040850457
    1.500000000 -230.904564492   -5.357037204
    1.510000000 -230.960772247   -8.658400133
    1.520000000 -231.063583034  -15.575422879
    1.530000000 -231.251305195  -25.409833386
    1.540000000 -231.554231147  -36.796112146
    1.550000000 -231.969551912  -49.146219123
    1.560000000 -232.498160613  -60.233393210
    1.570000000 -233.134015432  -67.947106012
    1.580000000 -233.824776091  -71.671305841
    1.590000000 -234.522587597  -70.398822182
    1.600000000 -235.185483107  -65.423174265
    1.610000000 -235.790163991  -57.358859013
    1.620000000 -236.307575917  -49.166268853
    1.630000000 -236.746565276  -42.340604860
    1.640000000 -237.136052989  -38.338892190
    1.650000000 -237.493074041  -37.172720115
    1.660000000 -237.851704922  -37.785506707
    1.670000000 -238.223652920  -38.418415550
    1.680000000 -238.591588974  -37.278807312
    1.690000000 -238.923466466  -32.444464272
    1.700000000 -239.193885948  -23.860298830
    1.710000000 -239.366901295  -12.762940856
    1.720000000 -239.419491190   -1.206200530
    1.730000000 -239.362796688    8.971479384
    1.740000000 -239.223579633   15.354788641
    1.750000000 -239.045873431   17.184540450
    1.760000000 -238.869240794   14.724745332
    1.770000000 -238.733884949    9.626493303
    1.780000000 -238.645992499    4.160938760
    1.790000000 -238.607075288    0.888444239
    1.800000000 -238.586109080    1.142769430
    1.810000000 -238.533956075    5.339147504
    1.820000000 -238.431060105   13.192013524
    1.830000000 -238.236077186   23.093473645
    1.840000000 -237.934763364   33.631990970
    1.850000000 -237.534976033   43.026041398
    1.860000000 -237.050110942   50.586175510
    1.870000000 -236.499980331   56.407617916
    1.880000000 -235.894103470   60.571817921
    1.890000000 -235.248194312   65.101093669
    1.900000000 -234.554025968   69.813246548
    1.910000000 -233.803350616   76.541555100
    1.920000000 -232.977538566   85.177761097
    1.930000000 -232.060002687   95.898420671
    1.940000000 -231.023519123  107.712838929
    1.950000000 -229.861277184  120.247073274
    1.960000000 -228.583340604  133.113576566
    1.970000000 -227.176068740  144.829237115
    1.980000000 -225.658804477  154.813898567
    1.990000000 -224.043490716  163.997896462
    2.000000000 -222.340267066  172.373120500
    2.010000000 -220.551232697  180.788141359
    2.020000000 -218.683839612  190.192195251
    2.030000000 -216.712825080  200.729654812
    2.040000000 -214.625909909  212.237552613
    2.050000000 -212.419612519  224.578738682
    2.060000000 -210.091542768  237.512241111
    2.070000000 -207.637433819  248.577847494
    2.080000000 -205.083547184  257.302163195
    2.090000000 -202.455027648  264.025343036
    2.100000000 -199.774938951  268.697361045
    2.110000000 -197.047349836  272.497069829
    2.120000000 -194.279435264  276.993451017
    2.130000000 -191.455710707  284.493202803
    2.140000000 -188.531780068  295.400441773
    2.150000000 -185.485480383  310.866758405
    2.160000000 -182.261641258  329.607403776
    2.170000000 -178.837162215  350.443712545
    2.180000000 -175.208810613  371.457801988
    2.190000000 -171.374629930  389.411576823
    2.200000000 -167.381492895  403.632103248
    2.210000000 -163.277404262  412.807362242
    2.220000000 -159.101981881  416.726351166
    2.230000000 -154.904910082  417.053755654
    2.240000000 -150.712836090  416.321755282
    2.250000000 -146.520387671  417.412646631
    2.260000000 -142.298075612  423.276060706
    2.270000000 -137.983918356  435.680727195
    2.280000000 -133.509807229  456.196101078
    2.290000000 -128.790542291  484.338496955
    2.300000000 -123.753231755  518.815692280
    2.310000000 -118.349741347  558.206561438
    2.320000000 -112.538516468  599.562215361
    2.330000000 -106.313076423  640.566188088
    2.340000000  -99.692003620  679.140269006
    2.350000000  -92.703415619  712.455762955
    2.360000000  -85.415507776  739.309634807
    2.370000000  -77.901352134  757.624018869
    2.380000000  -70.255908417  765.835878542
    2.390000000  -62.582835361  762.171531815
    2.400000000  -55.011072240  746.323036199
    2.410000000  -47.662784426  717.726282397
    2.420000000  -40.659889128  676.758110786
    2.430000000  -34.127340598  625.642240547
    2.440000000  -28.148970588  565.795159817
    2.450000000  -22.796765957  500.178955722
    2.460000000  -18.117740550  432.386355882
    2.470000000  -14.112691008  364.807372610
    2.480000000  -10.773263183  300.863472797
    2.490000000   -8.047615564  241.985462983
    2.500000000   -5.879733320  189.910490464
    2.510000000   -4.197213188  145.295831481
    2.520000000   -2.921744539  108.084619720
    2.530000000   -1.983294504   78.288952390
    2.540000000   -1.311584031   55.175380850
    2.550000000   -0.841295186   37.589642147
    2.560000000   -0.522780567   24.742350689
    2.570000000   -0.315129507   15.785548863
    2.580000000   -0.181028807    9.526492811
    2.590000000   -0.102242721    5.683730672
    2.600000000   -0.054426383    3.175401901
    2.610000000   -0.027194970    1.656543926
    2.620000000   -0.013526966    0.866205787
    2.630000000   -0.006350160    0.426952321
    2.640000000   -0.001818771    0.126832496
    2.650000000   -0.000000000   -0.000000000
    2.660000000   -0.000000000   -0.000000000
    2.670000000   -0.000000000   -0.000000000
    2.680000000   -0.000000000   -0.000000000
    2.690000000   -0.000000000   -0.000000000
    2.700000000   -0.000000000   -0.000000000
    2.710000000   -0.000000000   -0.000000000
    2.720000000   -0.000000000   -0.000000000
    2.730000000   -0.000000000   -0.000000000
    2.740000000   -0.000000000   -0.000000000
    2.750000000   -0.000000000   -0.000000000
    2.760000000   -0.000000000   -0.000000000
    2.770000000   -0.000000000   -0.000000000
    2.780000000   -0.000000000   -0.000000000
    2.790000000   -0.000000000   -0.000000000
    2.800000000   -0.000000000   -0.000000000
    2.810000000   -0.000000000   -0.000000000
    2.820000000   -0.000000000   -0.000000000
    2.830000000   -0.000000000   -0.000000000
    2.840000000   -0.000000000   -0.000000000
    2.850000000   -0.000000000   -0.000000000
    2.860000000   -0.000000000   -0.000000000
    2.870000000   -0.000000000   -0.000000000
    2.880000000   -0.000000000   -0.000000000
    2.890000000   -0.000000000   -0.000000000
    2.900000000   -0.000000000   -0.000000000
    2.910000000   -0.000000000   -0.000000000
    2.920000000   -0.000000000   -0.000000000
    2.930000000   -0.000000000   -0.000000000
    2.940000000   -0.000000000   -0.000000000
    2.950000000   -0.000000000   -0.000000000
    2.960000000   -0.000000000   -0.000000000
    2.970000000   -0.000000000   -0.000000000
    2.980000000   -0.000000000   -0.000000000
    2.990000000   -0.000000000   -0.000000000
    3.000000000   -0.000000000   -0.000000000
