#! FIELDS cv1 file.free der_cv1
#! SET min_cv1 0
#! SET max_cv1 3.0
#! SET nbins_cv1  301
#! SET periodic_cv1 false
    0.000000000 -151.764955151 -1891.098964550
    0.010000000 -169.539856324 -1646.671060303
    0.020000000 -184.491830712 -1332.445008316
    0.030000000 -196.112623405 -987.988286112
    0.040000000 -204.315319996 -655.507887825
    0.050000000 -209.408075341 -371.136293239
    0.060000000 -212.005336344 -158.865638446
    0.070000000 -212.883200619  -27.215680108
    0.080000000 -212.825214819   30.183797264
    0.090000000 -212.494516051   30.572889665
    0.100000000 -212.355023129   -3.753339802
    0.110000000 -212.637063186  -50.397488706
    0.120000000 -213.372269042  -91.888920229
    0.130000000 -214.448865981 -117.625266814
    0.140000000 -215.691975420 -124.635153738
    0.150000000 -216.913896010 -114.911185873
    0.160000000 -217.979809917  -94.564256201
    0.170000000 -218.815757067  -70.306384383
    0.180000000 -219.414659721  -48.043469091
    0.190000000 -219.793480507  -34.152596740
    0.200000000 -220.046133100  -28.119136882
    0.210000000 -220.277299973  -26.160018848
    0.220000000 -220.525634364  -28.008714057
    0.230000000 -220.814420781  -31.666943050
    0.240000000 -221.140442900  -35.390059793
    0.250000000 -221.497286877  -37.622897154
    0.260000000 -221.861923745  -36.748030476
    0.270000000 -222.213028830  -32.892888735
    0.280000000 -222.505531447  -26.632146482
    0.290000000 -222.722763262  -19.462417244
    0.300000000 -222.865595921  -11.993372756
    0.310000000 -222.934022164   -5.804411390
    0.320000000 -222.948026409   -0.586198314
    0.330000000 -222.922406434    2.765165320
    0.340000000 -222.873924769    4.199271705
    0.350000000 -222.813583371    4.321405419
    0.360000000 -222.756979962    4.273653675
    0.370000000 -222.700195741    4.612775582
    0.380000000 -222.635972340    5.205217394
    0.390000000 -222.564811783    6.053193019
    0.400000000 -222.484337202    7.607521067
    0.410000000 -222.388929054    8.617711571
    0.420000000 -222.284779626    8.837438293
    0.430000000 -222.183908768    8.378920524
    0.440000000 -222.088706216    6.939719182
    0.450000000 -222.015677328    5.098319631
    0.460000000 -221.963580537    3.205736071
    0.470000000 -221.930127138    1.139148474
    0.480000000 -221.915392651   -0.577694858
    0.490000000 -221.905198856   -1.052881099
    0.500000000 -221.901155459   -0.331050209
    0.510000000 -221.880436727    1.163511802
    0.520000000 -221.837362191    4.747543100
    0.530000000 -221.754889834    8.807674583
    0.540000000 -221.630610436   13.933439427
    0.550000000 -221.455522632   18.969126172
    0.560000000 -221.229057745   22.736605393
    0.570000000 -220.963700315   25.970980829
    0.580000000 -220.672339547   28.775010959
    0.590000000 -220.361497157   30.170637854
    0.600000000 -220.043763376   30.685404642
    0.610000000 -219.724182363   30.856632775
    0.620000000 -219.403925030   30.235960773
    0.630000000 -219.089986825   29.479200874
    0.640000000 -218.780802543   28.556928708
    0.650000000 -218.485577984   28.599566397
    0.660000000 -218.188629581   28.799328145
    0.670000000 -217.879609297   29.905456010
    0.680000000 -217.554500446   31.958358679
    0.690000000 -217.202073578   35.528955418
    0.700000000 -216.808263186   39.599327082
    0.710000000 -216.374692230   43.667923936
    0.720000000 -215.906464862   46.970475312
    0.730000000 -215.415787583   48.088147487
    0.740000000 -214.921174974   47.238319680
    0.750000000 -214.449312856   44.159896638
    0.760000000 -214.013038484   39.726955122
    0.770000000 -213.620918078   36.106917594
    0.780000000 -213.255034863   33.968925131
    0.790000000 -212.900302513   34.645428923
    0.800000000 -212.523001514   38.752562832
    0.810000000 -212.093063515   44.897012386
    0.820000000 -211.597016215   51.262354422
    0.830000000 -211.043340767   56.189541146
    0.840000000 -210.459373308   56.866351233
    0.850000000 -209.887537333   52.882658797
    0.860000000 -209.388925047   44.774271617
    0.870000000 -208.983658900   32.484553576
    0.880000000 -208.708115780   18.910957464
    0.890000000 -208.566677656    7.290041187
    0.900000000 -208.524801790   -1.789058079
    0.910000000 -208.559153665   -6.874561173
    0.920000000 -208.622714782   -8.516202497
    0.930000000 -208.686189160   -7.541438895
    0.940000000 -208.738047653   -4.982733959
    0.950000000 -208.767847368   -2.439692152
    0.960000000 -208.768762744   -0.939095984
    0.970000000 -208.758998906   -0.419194264
    0.980000000 -208.749374089   -0.114923315
    0.990000000 -208.734088675   -0.068206544
    1.000000000 -208.719692177    0.075597203
    1.010000000 -208.706758954   -0.045243647
    1.020000000 -208.690831587   -0.274443287
    1.030000000 -208.684878967   -1.416233192
    1.040000000 -208.693594383   -2.380465262
    1.050000000 -208.715050680   -4.303324048
    1.060000000 -208.755638440   -5.691344981
    1.070000000 -208.806567804   -6.615361381
    1.080000000 -208.857816986   -6.475958073
    1.090000000 -208.899817152   -4.845008719
    1.100000000 -208.918051067   -2.203153112
    1.110000000 -208.911167240    1.206344040
    1.120000000 -208.876385099    3.019539540
    1.130000000 -208.830378813    3.046548194
    1.140000000 -208.797946465    0.464354471
    1.150000000 -208.810929603   -5.182066628
    1.160000000 -208.888799872  -13.328562489
    1.170000000 -209.052691544  -21.502482391
    1.180000000 -209.294286905  -28.997354946
    1.190000000 -209.598125601  -33.947923184
    1.200000000 -209.932631172  -34.962220933
    1.210000000 -210.257952982  -33.137615176
    1.220000000 -210.558832859  -28.873942201
    1.230000000 -210.816808811  -24.957528434
    1.240000000 -211.040819641  -22.934693859
    1.250000000 -211.260752460  -24.602073663
    1.260000000 -211.519274535  -29.703425419
    1.270000000 -211.842301556  -37.666676381
    1.280000000 -212.251082322  -46.746591063
    1.290000000 -212.746827470  -54.439810394
    1.300000000 -213.302625244  -58.676893312
    1.310000000 -213.878419371  -58.538412990
    1.320000000 -214.430970227  -54.137146553
    1.330000000 -214.923357305  -45.952345953
    1.340000000 -215.322064503  -36.641073265
    1.350000000 -215.633627605  -28.517739744
    1.360000000 -215.878273107  -23.003026958
    1.370000000 -216.088378751  -21.668490156
    1.380000000 -216.299353890  -24.823167961
    1.390000000 -216.566345920  -30.753271450
    1.400000000 -216.893557399  -39.085173946
    1.410000000 -217.312971109  -46.643402343
    1.420000000 -217.796857855  -52.569093088
    1.430000000 -218.328125678  -55.219792629
    1.440000000 -218.870233328  -54.699431783
    1.450000000 -219.388043230  -50.689221926
    1.460000000 -219.851836343  -44.252921283
    1.470000000 -220.245863653  -36.634695176
    1.480000000 -220.559867502  -28.718388451
    1.490000000 -220.797163644  -22.293214090
    1.500000000 -220.981488909  -17.359638691
    1.510000000 -221.133403422  -15.662004877
    1.520000000 -221.281475119  -17.601212362
    1.530000000 -221.466122352  -22.920324722
    1.540000000 -221.725562237  -30.695109206
    1.550000000 -222.066566086  -40.545242034
    1.560000000 -222.502607120  -50.341474325
    1.570000000 -223.037544215  -57.796677732
    1.580000000 -223.628973368  -61.939713761
    1.590000000 -224.234016234  -61.445506705
    1.600000000 -224.812577461  -57.162083101
    1.610000000 -225.337612998  -49.431457593
    1.620000000 -225.775964828  -40.916617210
    1.630000000 -226.128960079  -33.127783647
    1.640000000 -226.420378661  -27.703426469
    1.650000000 -226.663549319  -24.881447617
    1.660000000 -226.891540664  -24.084298648
    1.670000000 -227.122084424  -23.769391944
    1.680000000 -227.343383000  -22.675562520
    1.690000000 -227.534757551  -19.053339776
    1.700000000 -227.682118846  -12.752743412
    1.710000000 -227.760131929   -4.831138987
    1.720000000 -227.752111343    3.001846111
    1.730000000 -227.673389575    9.226105980
    1.740000000 -227.551578161   11.946885833
    1.750000000 -227.424660022   10.552366039
    1.760000000 -227.328561766    5.531311031
    1.770000000 -227.295986100   -1.491359586
    1.780000000 -227.328404470   -8.326015157
    1.790000000 -227.420898661  -12.739687696
    1.800000000 -227.541441686  -13.492691422
    1.810000000 -227.640796470  -10.255000472
    1.820000000 -227.699995959   -3.296047498
    1.830000000 -227.675403616    5.635251885
    1.840000000 -227.553209142   15.303010418
    1.850000000 -227.340580221   24.126485171
    1.860000000 -227.046606216   31.416806871
    1.870000000 -226.688520625   37.471424273
    1.880000000 -226.271082535   42.243694568
    1.890000000 -225.804009446   47.788775276
    1.900000000 -225.276791666   54.037845825
    1.910000000 -224.675611742   62.651037245
    1.920000000 -223.978914493   73.584577695
    1.930000000 -223.165778914   86.797348447
    1.940000000 -222.207898006  101.359887275
    1.950000000 -221.096822026  116.694244100
    1.960000000 -219.841109619  132.230844595
    1.970000000 -218.431037077  146.296569924
    1.980000000 -216.889785464  158.134968079
    1.990000000 -215.235762201  168.476600950
    2.000000000 -213.487308856  177.174055275
    2.010000000 -211.653170703  185.000721216
    2.020000000 -209.749175733  193.209041338
    2.030000000 -207.757405388  202.006842254
    2.040000000 -205.668944560  211.521696412
    2.050000000 -203.481238736  221.845672408
    2.060000000 -201.190746363  232.903637865
    2.070000000 -198.790787586  242.564547417
    2.080000000 -196.301884678  250.418712074
    2.090000000 -193.745142625  256.788410730
    2.100000000 -191.138824896  261.350724914
    2.110000000 -188.485132571  265.111762415
    2.120000000 -185.790956263  269.505144704
    2.130000000 -183.045190872  276.366265952
    2.140000000 -180.207751654  286.199445602
    2.150000000 -177.259715774  300.373449858
    2.160000000 -174.146915937  318.079811475
    2.170000000 -170.839705913  338.807837783
    2.180000000 -167.321883807  361.367094575
    2.190000000 -163.570808629  383.252434631
    2.200000000 -159.609755253  403.985526385
    2.210000000 -155.458268249  422.305208271
    2.220000000 -151.133264869  437.392177748
    2.230000000 -146.669249657  449.887321785
    2.240000000 -142.088637680  461.181109554
    2.250000000 -137.393242445  472.782414793
    2.260000000 -132.575287481  486.745087053
    2.270000000 -127.599815455  504.060976788
    2.280000000 -122.433356144  525.959602735
    2.290000000 -117.024922017  552.114610125
    2.300000000 -111.333041731  581.628196333
    2.310000000 -105.337013548  613.665628718
    2.320000000  -99.016402657  645.732937065
    2.330000000  -92.383706726  675.928068605
    2.340000000  -85.470947731  702.111198696
    2.350000000  -78.322661917  721.449622549
    2.360000000  -71.023205874  732.627578860
    2.370000000  -63.661870410  733.585129678
    2.380000000  -56.349274152  723.177556646
    2.390000000  -49.199800294  700.459515213
    2.400000000  -42.339528141  665.975719178
    2.410000000  -35.881062245  620.627180636
    2.420000000  -29.920962851  566.104003375
    2.430000000  -24.545507942  505.671682312
    2.440000000  -19.793250361  441.580488604
    2.450000000  -15.684449954  376.967744479
    2.460000000  -12.213667418  314.933300262
    2.470000000   -9.338232757  257.110161390
    2.480000000   -7.016069919  205.828097821
    2.490000000   -5.173422735  161.260438587
    2.500000000   -3.741212636  123.649480229
    2.510000000   -2.652498025   92.878538346
    2.520000000   -1.839694737   68.140183807
    2.530000000   -1.247750531   48.884476065
    2.540000000   -0.827586223   34.336154966
    2.550000000   -0.532699576   23.331456181
    2.560000000   -0.333447309   15.415464492
    2.570000000   -0.201997456    9.840940382
    2.580000000   -0.117098016    5.979264397
    2.590000000   -0.068049288    3.693097329
    2.600000000   -0.037295515    2.133141272
    2.610000000   -0.019151473    1.146652493
    2.620000000   -0.009604111    0.604366416
    2.630000000   -0.004733572    0.313905112
    2.640000000   -0.001818771    0.126832496
    2.650000000   -0.000000000   -0.000000000
    2.660000000   -0.000000000   -0.000000000
    2.670000000   -0.000000000   -0.000000000
    2.680000000   -0.000000000   -0.000000000
    2.690000000   -0.000000000   -0.000000000
    2.700000000   -0.000000000   -0.000000000
    2.710000000   -0.000000000   -0.000000000
    2.720000000   -0.000000000   -0.000000000
    2.730000000   -0.000000000   -0.000000000
    2.740000000   -0.000000000   -0.000000000
    2.750000000   -0.000000000   -0.000000000
    2.760000000   -0.000000000   -0.000000000
    2.770000000   -0.000000000   -0.000000000
    2.780000000   -0.000000000   -0.000000000
    2.790000000   -0.000000000   -0.000000000
    2.800000000   -0.000000000   -0.000000000
    2.810000000   -0.000000000   -0.000000000
    2.820000000   -0.000000000   -0.000000000
    2.830000000   -0.000000000   -0.000000000
    2.840000000   -0.000000000   -0.000000000
    2.850000000   -0.000000000   -0.000000000
    2.860000000   -0.000000000   -0.000000000
    2.870000000   -0.000000000   -0.000000000
    2.880000000   -0.000000000   -0.000000000
    2.890000000   -0.000000000   -0.000000000
    2.900000000   -0.000000000   -0.000000000
    2.910000000   -0.000000000   -0.000000000
    2.920000000   -0.000000000   -0.000000000
    2.930000000   -0.000000000   -0.000000000
    2.940000000   -0.000000000   -0.000000000
    2.950000000   -0.000000000   -0.000000000
    2.960000000   -0.000000000   -0.000000000
    2.970000000   -0.000000000   -0.000000000
    2.980000000   -0.000000000   -0.000000000
    2.990000000   -0.000000000   -0.000000000
    3.000000000   -0.000000000   -0.000000000
