#! FIELDS cv1 file.free der_cv1
#! SET min_cv1 0
#! SET max_cv1 3.0
#! SET nbins_cv1  301
#! SET periodic_cv1 false
    0.000000000 -177.085433286 -2104.544866146
    0.010000000 -196.685149766 -1796.611388859
    0.020000000 -212.803665779 -1415.684399572
    0.030000000 -224.943252828 -1009.896679108
    0.040000000 -233.110760471 -628.776916753
    0.050000000 -237.764131191 -312.744621254
    0.060000000 -239.697051625  -86.833821115
    0.070000000 -239.854462925   42.839626250
    0.080000000 -239.156167259   87.109317172
    0.090000000 -238.350011439   68.639393714
    0.100000000 -237.930534833   14.804479439
    0.110000000 -238.114168111  -48.250250741
    0.120000000 -238.890666238 -101.109952962
    0.130000000 -240.095473182 -132.914213903
    0.140000000 -241.505457065 -141.715560150
    0.150000000 -242.896482414 -131.046410006
    0.160000000 -244.115984752 -108.756467939
    0.170000000 -245.086257003  -82.838335710
    0.180000000 -245.809141764  -60.063076546
    0.190000000 -246.301768189  -47.521490234
    0.200000000 -246.684341339  -43.496805463
    0.210000000 -247.074017507  -43.080726057
    0.220000000 -247.497938120  -46.110951301
    0.230000000 -247.970926214  -50.243625654
    0.240000000 -248.480917155  -53.365647280
    0.250000000 -249.011725909  -53.944860563
    0.260000000 -249.528406539  -50.691123369
    0.270000000 -250.004213317  -44.244321784
    0.280000000 -250.395347165  -35.327571725
    0.290000000 -250.687203669  -26.102872461
    0.300000000 -250.886393257  -17.280499920
    0.310000000 -251.002255316  -10.526850022
    0.320000000 -251.063467384   -5.526642497
    0.330000000 -251.089190537   -3.103432597
    0.340000000 -251.103523100   -2.979198374
    0.350000000 -251.121364989   -4.399278654
    0.360000000 -251.158833744   -5.922349636
    0.370000000 -251.209726674   -7.008509478
    0.380000000 -251.265567368   -7.494101409
    0.390000000 -251.321468166   -6.996102170
    0.400000000 -251.369761163   -4.923542881
    0.410000000 -251.392668427   -2.565180124
    0.420000000 -251.387571948    0.064724659
    0.430000000 -251.355813910    2.764798258
    0.440000000 -251.297040512    5.020869088
    0.450000000 -251.223604182    6.646814356
    0.460000000 -251.139542323    7.544382316
    0.470000000 -251.050799837    7.158278498
    0.480000000 -250.971064652    5.813563524
    0.490000000 -250.899235172    4.520826180
    0.500000000 -250.845426167    3.556061156
    0.510000000 -250.794413167    2.947829406
    0.520000000 -250.740158510    4.949484037
    0.530000000 -250.658200558    8.348076986
    0.540000000 -250.533213970   14.289885603
    0.550000000 -250.342076669   21.487280950
    0.560000000 -250.071754868   28.930646124
    0.570000000 -249.720832075   36.621194237
    0.580000000 -249.296762227   44.223229536
    0.590000000 -248.807441282   50.090457542
    0.600000000 -248.270008812   54.286779011
    0.610000000 -247.699863670   56.864875124
    0.620000000 -247.110922855   57.277417967
    0.630000000 -246.524379809   56.434309725
    0.640000000 -245.947031922   54.493116137
    0.650000000 -245.398225807   52.996384151
    0.660000000 -244.864224108   51.179098107
    0.670000000 -244.340271808   50.115961537
    0.680000000 -243.824311813   49.527817091
    0.690000000 -243.310301593   49.601006150
    0.700000000 -242.796055388   49.214548724
    0.710000000 -242.290817077   47.911607548
    0.720000000 -241.807818826   45.075384491
    0.730000000 -241.365316093   40.047606690
    0.740000000 -240.977536626   33.866320247
    0.750000000 -240.656722785   27.113128921
    0.760000000 -240.397421526   21.501815145
    0.770000000 -240.180318846   19.064146710
    0.780000000 -239.965759482   20.330182363
    0.790000000 -239.722295027   25.918013389
    0.800000000 -239.405050780   35.262195793
    0.810000000 -238.985795474   45.811576805
    0.820000000 -238.463318313   54.945287367
    0.830000000 -237.863874427   60.813558518
    0.840000000 -237.233949243   60.912161322
    0.850000000 -236.626628606   55.507780035
    0.860000000 -236.107046334   46.023543261
    0.870000000 -235.691491138   33.382171255
    0.880000000 -235.400491218   20.801996170
    0.890000000 -235.226651965   11.827325330
    0.900000000 -235.119712045    6.376007996
    0.910000000 -235.052280841    5.302370628
    0.920000000 -234.976783012    6.680257484
    0.930000000 -234.877109951    9.371381828
    0.940000000 -234.757828519   11.713876430
    0.950000000 -234.627472935   12.215504694
    0.960000000 -234.496689142    9.969779438
    0.970000000 -234.398028142    5.906618303
    0.980000000 -234.347709941    1.299009205
    0.990000000 -234.341482207   -3.341188045
    1.000000000 -234.378911990   -7.161100381
    1.010000000 -234.452098442  -10.107136924
    1.020000000 -234.544430405  -12.075172741
    1.030000000 -234.657293461  -13.714285829
    1.040000000 -234.786084938  -14.098395884
    1.050000000 -234.917220363  -14.628081501
    1.060000000 -235.051079142  -14.346337195
    1.070000000 -235.179328933  -13.890055780
    1.080000000 -235.296090183  -12.778151697
    1.090000000 -235.398037828  -11.111033549
    1.100000000 -235.480047992   -9.301198096
    1.110000000 -235.549302533   -7.449235059
    1.120000000 -235.608658397   -7.284584117
    1.130000000 -235.672135157   -8.468836387
    1.140000000 -235.756635563  -11.546334743
    1.150000000 -235.885785826  -16.521485700
    1.160000000 -236.066419355  -22.976287952
    1.170000000 -236.312592488  -28.647059224
    1.180000000 -236.610962651  -33.429689935
    1.190000000 -236.945229065  -35.944705125
    1.200000000 -237.288789129  -35.031456762
    1.210000000 -237.607513872  -31.980670235
    1.220000000 -237.890780324  -26.718101671
    1.230000000 -238.121360528  -21.827059776
    1.240000000 -238.305694282  -18.435269163
    1.250000000 -238.470790837  -18.295561438
    1.260000000 -238.653643230  -21.348027935
    1.270000000 -238.882087748  -27.597278952
    1.280000000 -239.185343547  -36.182745015
    1.290000000 -239.578023429  -45.339580504
    1.300000000 -240.059272036  -53.407455432
    1.310000000 -240.611469093  -59.663930948
    1.320000000 -241.215347950  -63.559140479
    1.330000000 -241.846108478  -64.697224763
    1.340000000 -242.476334270  -64.327527980
    1.350000000 -243.100526157  -63.342879867
    1.360000000 -243.715174135  -62.201770454
    1.370000000 -244.322551880  -61.609317781
    1.380000000 -244.919702915  -61.808032686
    1.390000000 -245.528861815  -61.965982072
    1.400000000 -246.129749044  -62.538283849
    1.410000000 -246.741717169  -61.926719550
    1.420000000 -247.338575851  -60.398838061
    1.430000000 -247.917307022  -57.472332345
    1.440000000 -248.462084361  -54.115341613
    1.450000000 -248.969458558  -49.755400228
    1.460000000 -249.431075718  -45.472438454
    1.470000000 -249.853285259  -41.578360092
    1.480000000 -250.238497987  -38.369519608
    1.490000000 -250.593660164  -36.614836939
    1.500000000 -250.940853542  -35.619258636
    1.510000000 -251.289958692  -36.712390820
    1.520000000 -251.654475486  -39.759110316
    1.530000000 -252.058473163  -44.407941356
    1.540000000 -252.520636186  -49.744479694
    1.550000000 -253.030638454  -55.491487318
    1.560000000 -253.586433332  -59.690043844
    1.570000000 -254.181383350  -60.590769391
    1.580000000 -254.763416393  -57.887697027
    1.590000000 -255.292440671  -50.668330374
    1.600000000 -255.730370586  -40.434778117
    1.610000000 -256.061826128  -27.884131877
    1.620000000 -256.263701085  -16.074687785
    1.630000000 -256.355961999   -6.329327644
    1.640000000 -256.374310786   -0.358923521
    1.650000000 -256.344132246    1.914995563
    1.660000000 -256.308577247    1.444432979
    1.670000000 -256.290580775   -0.171263007
    1.680000000 -256.283896643   -1.388859548
    1.690000000 -256.272367066   -0.290525278
    1.700000000 -256.244635294    3.099328139
    1.710000000 -256.178315181    7.641024830
    1.720000000 -256.062279745   11.871321148
    1.730000000 -255.911221598   14.484329502
    1.740000000 -255.749661179   14.075272754
    1.750000000 -255.610138165   10.861292677
    1.760000000 -255.509554948    5.704515406
    1.770000000 -255.463966868    0.784957243
    1.780000000 -255.450320288   -1.739840632
    1.790000000 -255.445614012    0.117202176
    1.800000000 -255.399223539    6.730586257
    1.810000000 -255.256303841   17.415128559
    1.820000000 -255.001635897   30.960104166
    1.830000000 -254.605034061   44.850100102
    1.840000000 -254.073024058   57.468212444
    1.850000000 -253.431317177   67.017812262
    1.860000000 -252.710832888   73.355527744
    1.870000000 -251.941530085   77.211070335
    1.880000000 -251.135660281   79.407758730
    1.890000000 -250.307495247   82.590070464
    1.900000000 -249.439714431   86.886164783
    1.910000000 -248.515616845   94.050007189
    1.920000000 -247.509235345  103.776106884
    1.930000000 -246.399969879  115.663260787
    1.940000000 -245.161114415  128.270426710
    1.950000000 -243.791316245  140.897288917
    1.960000000 -242.309916499  152.733261405
    1.970000000 -240.713787495  162.454360902
    1.980000000 -239.032178001  169.508477655
    1.990000000 -237.286144648  175.071061191
    2.000000000 -235.491899912  179.209085710
    2.010000000 -233.655752467  182.777310130
    2.020000000 -231.792807079  186.992461361
    2.030000000 -229.881163509  191.969991175
    2.040000000 -227.909464855  197.635232024
    2.050000000 -225.877540189  204.002603115
    2.060000000 -223.783752213  211.208844386
    2.070000000 -221.617510532  217.394178860
    2.080000000 -219.392955572  222.732053038
    2.090000000 -217.116596544  228.318236599
    2.100000000 -214.786900142  234.580795016
    2.110000000 -212.378387078  242.996154017
    2.120000000 -209.870056524  254.819222512
    2.130000000 -207.222140186  271.708142399
    2.140000000 -204.373159753  293.079149241
    2.150000000 -201.296323669  318.917080345
    2.160000000 -197.942956326  346.816988145
    2.170000000 -194.308027318  374.780023651
    2.180000000 -190.410721674  400.277317796
    2.190000000 -186.276391478  420.102130226
    2.200000000 -181.975464010  434.022130555
    2.210000000 -177.575504641  441.341778195
    2.220000000 -173.124919965  442.957676523
    2.230000000 -168.675007228  441.303965048
    2.240000000 -164.245216368  439.615205075
    2.250000000 -159.817905752  441.195469952
    2.260000000 -155.349226700  448.762921790
    2.270000000 -150.766408627  463.842785258
    2.280000000 -145.995211064  487.053708657
    2.290000000 -140.954912847  517.143636453
    2.300000000 -135.583487735  552.081279648
    2.310000000 -129.849947747  590.132839208
    2.320000000 -123.731224004  628.543275094
    2.330000000 -117.232602244  665.492060376
    2.340000000 -110.380202667  700.097634885
    2.350000000 -103.195295430  730.666354888
    2.360000000  -95.728485899  757.085866085
    2.370000000  -88.024926188  777.935431550
    2.380000000  -80.148149641  791.879611566
    2.390000000  -72.171488220  796.828035960
    2.400000000  -64.199128071  791.611999384
    2.410000000  -56.340077138  774.550176570
    2.420000000  -48.712521115  744.515240435
    2.430000000  -41.453061037  702.465953766
    2.440000000  -34.670289586  648.934549605
    2.450000000  -28.467192048  586.225632892
    2.460000000  -22.926677491  517.752207891
    2.470000000  -18.083561481  446.012275816
    2.480000000  -13.963208445  375.151436485
    2.490000000  -10.536880497  307.302013446
    2.500000000   -7.764222487  245.107344873
    2.510000000   -5.580443459  190.186536469
    2.520000000   -3.904926377  143.193615632
    2.530000000   -2.659582001  104.702990694
    2.540000000   -1.760986013   74.256262720
    2.550000000   -1.129104952   50.789670352
    2.560000000   -0.699609056   33.441197070
    2.570000000   -0.420429591   21.335104052
    2.580000000   -0.240515098   12.856042842
    2.590000000   -0.135243159    7.652741907
    2.600000000   -0.071740148    4.269408633
    2.610000000   -0.035188014    2.185703298
    2.620000000   -0.016779148    1.092029868
    2.630000000   -0.006350160    0.426952321
    2.640000000   -0.001818771    0.126832496
    2.650000000   -0.000000000   -0.000000000
    2.660000000   -0.000000000   -0.000000000
    2.670000000   -0.000000000   -0.000000000
    2.680000000   -0.000000000   -0.000000000
    2.690000000   -0.000000000   -0.000000000
    2.700000000   -0.000000000   -0.000000000
    2.710000000   -0.000000000   -0.000000000
    2.720000000   -0.000000000   -0.000000000
    2.730000000   -0.000000000   -0.000000000
    2.740000000   -0.000000000   -0.000000000
    2.750000000   -0.000000000   -0.000000000
    2.760000000   -0.000000000   -0.000000000
    2.770000000   -0.000000000   -0.000000000
    2.780000000   -0.000000000   -0.000000000
    2.790000000   -0.000000000   -0.000000000
    2.800000000   -0.000000000   -0.000000000
    2.810000000   -0.000000000   -0.000000000
    2.820000000   -0.000000000   -0.000000000
    2.830000000   -0.000000000   -0.000000000
    2.840000000   -0.000000000   -0.000000000
    2.850000000   -0.000000000   -0.000000000
    2.860000000   -0.000000000   -0.000000000
    2.870000000   -0.000000000   -0.000000000
    2.880000000   -0.000000000   -0.000000000
    2.890000000   -0.000000000   -0.000000000
    2.900000000   -0.000000000   -0.000000000
    2.910000000   -0.000000000   -0.000000000
    2.920000000   -0.000000000   -0.000000000
    2.930000000   -0.000000000   -0.000000000
    2.940000000   -0.000000000   -0.000000000
    2.950000000   -0.000000000   -0.000000000
    2.960000000   -0.000000000   -0.000000000
    2.970000000   -0.000000000   -0.000000000
    2.980000000   -0.000000000   -0.000000000
    2.990000000   -0.000000000   -0.000000000
    3.000000000   -0.000000000   -0.000000000
