#! FIELDS cv1 file.free der_cv1
#! SET min_cv1 0
#! SET max_cv1 3.0
#! SET nbins_cv1  301
#! SET periodic_cv1 false
    0.000000000 -128.742389716 -1687.103992685
    0.010000000 -144.758062343 -1500.379431735
    0.020000000 -158.555316595 -1248.128516204
    0.030000000 -169.629608730 -961.971083756
    0.040000000 -177.820376481 -677.149920981
    0.050000000 -183.304429971 -425.305660265
    0.060000000 -186.536064909 -229.139851658
    0.070000000 -188.133713658  -98.935815739
    0.080000000 -188.752390930  -32.295848126
    0.090000000 -188.974096902  -17.062035985
    0.100000000 -189.230102851  -35.661940212
    0.110000000 -189.761710437  -69.306947267
    0.120000000 -190.638548905 -102.422283293
    0.130000000 -191.798227146 -124.718475891
    0.140000000 -193.110593624 -132.251332057
    0.150000000 -194.420679114 -125.491032584
    0.160000000 -195.609780278 -108.934135870
    0.170000000 -196.606171161  -88.073196658
    0.180000000 -197.394067056  -68.043843520
    0.190000000 -197.985748780  -54.327957437
    0.200000000 -198.448116174  -47.431356535
    0.210000000 -198.871886593  -44.165640436
    0.220000000 -199.292286825  -44.004778151
    0.230000000 -199.729385869  -45.124083081
    0.240000000 -200.175870452  -45.938033251
    0.250000000 -200.622607806  -45.110243007
    0.260000000 -201.047936356  -41.265832925
    0.270000000 -201.433164567  -35.010829504
    0.280000000 -201.739556845  -27.276951753
    0.290000000 -201.964107576  -20.117096187
    0.300000000 -202.123214994  -14.381040820
    0.310000000 -202.234265910  -11.785620320
    0.320000000 -202.335402027  -11.889944962
    0.330000000 -202.455845332  -14.867897539
    0.340000000 -202.618433582  -20.137569342
    0.350000000 -202.834209427  -26.086858684
    0.360000000 -203.108798180  -30.899853022
    0.370000000 -203.420993806  -33.248767055
    0.380000000 -203.739029085  -32.889747107
    0.390000000 -204.041504645  -29.754202104
    0.400000000 -204.298969885  -23.654457525
    0.410000000 -204.487915763  -16.399865624
    0.420000000 -204.600610871   -8.887372789
    0.430000000 -204.641899047   -2.042867377
    0.440000000 -204.618016674    3.173763665
    0.450000000 -204.554691409    6.924017024
    0.460000000 -204.463328257    9.059039846
    0.470000000 -204.358151554    9.592584760
    0.480000000 -204.253230106    9.224819685
    0.490000000 -204.143953640    9.147515811
    0.500000000 -204.038438702    9.794144931
    0.510000000 -203.919623021   11.107689452
    0.520000000 -203.780630513   14.495566693
    0.530000000 -203.603474521   18.534395348
    0.540000000 -203.382319225   23.749050019
    0.550000000 -203.108158164   29.153423538
    0.560000000 -202.778907866   33.411302219
    0.570000000 -202.405851545   37.218841914
    0.580000000 -202.000063910   40.545712636
    0.590000000 -201.570475669   42.407789505
    0.600000000 -201.130588851   43.034125584
    0.610000000 -200.687773585   42.902153315
    0.620000000 -200.251858655   41.295389630
    0.630000000 -199.835936396   38.802162260
    0.640000000 -199.444943209   35.597258908
    0.650000000 -199.093679073   33.142516783
    0.660000000 -198.765312027   30.818429010
    0.670000000 -198.448448807   29.889302298
    0.680000000 -198.131133166   30.786128149
    0.690000000 -197.792378205   34.156022673
    0.700000000 -197.409647844   39.139712181
    0.710000000 -196.973726488   44.917835407
    0.720000000 -196.485017927   50.269561710
    0.730000000 -195.952458094   53.266623923
    0.740000000 -195.399496593   53.780790005
    0.750000000 -194.861475487   51.020525023
    0.760000000 -194.361965164   45.426203491
    0.770000000 -193.925769847   39.300424348
    0.780000000 -193.546722825   33.323284112
    0.790000000 -193.223028799   29.326828577
    0.800000000 -192.925710895   28.300949081
    0.810000000 -192.626481897   29.534911716
    0.820000000 -192.306535013   31.978566233
    0.830000000 -191.962332969   34.121682020
    0.840000000 -191.608072694   33.602338288
    0.850000000 -191.269864774   29.924292268
    0.860000000 -190.993917543   23.484209620
    0.870000000 -190.789670132   14.109799424
    0.880000000 -190.681613465    4.116597892
    0.890000000 -190.668215199   -3.501115897
    0.900000000 -190.714388803   -8.367590724
    0.910000000 -190.794229724   -9.148068404
    0.920000000 -190.862237903   -6.626200429
    0.930000000 -190.888092878   -1.763860452
    0.940000000 -190.863882565    4.576686714
    0.950000000 -190.780048363   10.925577058
    0.960000000 -190.628270876   16.382095650
    0.970000000 -190.426852634   20.855347289
    0.980000000 -190.187088975   25.239841149
    0.990000000 -189.901079546   28.923304670
    1.000000000 -189.582730675   31.978454488
    1.010000000 -189.241470116   33.596950521
    1.020000000 -188.888302120   33.411405859
    1.030000000 -188.554435700   30.267268929
    1.040000000 -188.266352560   25.021296042
    1.050000000 -188.044497081   16.944007673
    1.060000000 -187.912105700    7.710990113
    1.070000000 -187.872257738   -1.813371345
    1.080000000 -187.920286719  -10.265676203
    1.090000000 -188.039885945  -16.357531476
    1.100000000 -188.205817063  -19.708938973
    1.110000000 -188.395675898  -19.911289989
    1.120000000 -188.580618574  -19.119601234
    1.130000000 -188.750933706  -17.561683462
    1.140000000 -188.908635640  -16.276681289
    1.150000000 -189.063946290  -16.365699651
    1.160000000 -189.223491586  -18.054938376
    1.170000000 -189.401954276  -19.652774245
    1.180000000 -189.595056939  -21.252511350
    1.190000000 -189.798040751  -21.510871458
    1.200000000 -189.993760582  -19.756505851
    1.210000000 -190.162946429  -17.188556012
    1.220000000 -190.309782415  -14.135873170
    1.230000000 -190.436180719  -13.231877631
    1.240000000 -190.566056790  -15.567138286
    1.250000000 -190.739891703  -22.495903637
    1.260000000 -191.007993075  -33.224190202
    1.270000000 -191.395427129  -46.844001350
    1.280000000 -191.925308595  -61.114201179
    1.290000000 -192.589763184  -73.417804763
    1.300000000 -193.356422464  -81.544263279
    1.310000000 -194.177977551  -84.490659705
    1.320000000 -195.003730576  -82.363153674
    1.330000000 -195.788822896  -75.640046369
    1.340000000 -196.489356356  -67.111720418
    1.350000000 -197.106214556  -58.802832657
    1.360000000 -197.651299996  -52.276945731
    1.370000000 -198.147162577  -49.156254793
    1.380000000 -198.622194288  -49.576415968
    1.390000000 -199.121849712  -52.129117615
    1.400000000 -199.645788830  -56.639298079
    1.410000000 -200.221892414  -60.308763446
    1.420000000 -200.826036517  -62.634871011
    1.430000000 -201.444208652  -62.504022708
    1.440000000 -202.052936880  -60.304869267
    1.450000000 -202.625655661  -56.047639249
    1.460000000 -203.149455202  -50.662116198
    1.470000000 -203.618310428  -45.227711604
    1.480000000 -204.032977246  -40.065506411
    1.490000000 -204.400523982  -36.481362495
    1.500000000 -204.741400762  -33.949572445
    1.510000000 -205.069033689  -33.665504194
    1.520000000 -205.400100155  -35.730016336
    1.530000000 -205.761969804  -39.834568253
    1.540000000 -206.179784465  -45.069605541
    1.550000000 -206.649519426  -51.504439025
    1.560000000 -207.176942805  -57.360536235
    1.570000000 -207.763617773  -61.024432876
    1.580000000 -208.371595968  -62.022315270
    1.590000000 -208.967802783  -59.310082637
    1.600000000 -209.519799814  -54.045950448
    1.610000000 -210.014486252  -46.369286851
    1.620000000 -210.427566146  -38.716367403
    1.630000000 -210.765681651  -32.145918177
    1.640000000 -211.055292349  -27.960661096
    1.650000000 -211.306952494  -26.172891137
    1.660000000 -211.553084919  -25.903553227
    1.670000000 -211.804084470  -25.872139004
    1.680000000 -212.048984682  -25.068676044
    1.690000000 -212.266730863  -22.055180398
    1.700000000 -212.450824164  -17.033787644
    1.710000000 -212.581247110  -10.990539564
    1.720000000 -212.648455447   -5.476691808
    1.730000000 -212.666631329   -1.542251119
    1.740000000 -212.660297755   -0.180044326
    1.750000000 -212.654560652   -1.068595834
    1.760000000 -212.663039238   -3.188668538
    1.770000000 -212.692463266   -4.593401622
    1.780000000 -212.718321079   -3.276815874
    1.790000000 -212.712805929    2.195198643
    1.800000000 -212.632703861   12.059699841
    1.810000000 -212.426603683   25.196562857
    1.820000000 -212.089285748   40.217820036
    1.830000000 -211.602882123   54.165972475
    1.840000000 -210.986597062   65.283787558
    1.850000000 -210.283446177   71.787427521
    1.860000000 -209.537234424   73.514741465
    1.870000000 -208.797206239   71.445477538
    1.880000000 -208.087822109   66.682067012
    1.890000000 -207.426922261   62.347278073
    1.900000000 -206.801432925   59.407475587
    1.910000000 -206.187929585   60.356846193
    1.920000000 -205.544388554   65.692614230
    1.930000000 -204.829561036   75.768412922
    1.940000000 -203.988216952   89.640674137
    1.950000000 -202.990215128  106.342670359
    1.960000000 -201.823853666  124.962995058
    1.970000000 -200.466529015  143.232406163
    1.980000000 -198.932689104  159.666591670
    1.990000000 -197.241890634  174.199864505
    2.000000000 -195.420161516  186.107000105
    2.010000000 -193.488512899  195.425690668
    2.020000000 -191.480747596  203.324409782
    2.030000000 -189.397136774  209.971757619
    2.040000000 -187.246792406  215.997291329
    2.050000000 -185.037534638  222.016059014
    2.060000000 -182.770197510  228.844840428
    2.070000000 -180.431357846  234.813408721
    2.080000000 -178.034942899  240.414254250
    2.090000000 -175.584926166  245.991145503
    2.100000000 -173.083164420  251.458410900
    2.110000000 -170.519739540  257.380505519
    2.120000000 -167.891471628  264.510558357
    2.130000000 -165.183428291  273.991768828
    2.140000000 -162.362219398  285.481474356
    2.150000000 -159.420638874  299.721652634
    2.160000000 -156.323406040  315.482253408
    2.170000000 -153.061504981  332.210705158
    2.180000000 -149.636195834  349.214422395
    2.190000000 -146.041092472  364.578743876
    2.200000000 -142.301449800  378.615800772
    2.210000000 -138.432797617  391.369952584
    2.220000000 -134.438781703  402.752657239
    2.230000000 -130.332568714  414.091866474
    2.240000000 -126.106588334  426.734980169
    2.250000000 -121.739978403  442.141263670
    2.260000000 -117.203936489  461.707884893
    2.270000000 -112.448595367  485.698744796
    2.280000000 -107.432835772  514.388299232
    2.290000000 -102.109914442  546.758729618
    2.300000000  -96.447301186  581.177426922
    2.310000000  -90.441689770  616.264973382
    2.320000000  -84.092220345  648.769978737
    2.330000000  -77.440867850  676.437861380
    2.340000000  -70.551617822  696.755915312
    2.350000000  -63.503220388  706.710399080
    2.360000000  -56.414216633  705.136315955
    2.370000000  -49.405608548  690.655371803
    2.380000000  -42.609258036  663.076834312
    2.390000000  -36.151450915  622.967469499
    2.400000000  -30.151251780  572.264042838
    2.410000000  -24.702473912  513.462910899
    2.420000000  -19.866529306  449.371998202
    2.430000000  -15.688120331  384.152070962
    2.440000000  -12.155821702  320.131492459
    2.450000000   -9.243128954  260.162659091
    2.460000000   -6.902136442  206.534791870
    2.470000000   -5.059352325  159.992872380
    2.480000000   -3.647222720  121.475769535
    2.490000000   -2.582733625   90.203533004
    2.500000000   -1.797190554   65.627081856
    2.510000000   -1.229209295   46.866984117
    2.520000000   -0.824017396   32.725583957
    2.530000000   -0.541194028   22.379533011
    2.540000000   -0.349463779   15.101981660
    2.550000000   -0.219971525    9.929661712
    2.560000000   -0.133893238    6.291674741
    2.570000000   -0.078503528    3.828554292
    2.580000000   -0.045495249    2.325826188
    2.590000000   -0.026812293    1.464829179
    2.600000000   -0.014616278    0.839601800
    2.610000000   -0.007212866    0.430329571
    2.620000000   -0.003895934    0.247495922
    2.630000000   -0.001739035    0.114759724
    2.640000000   -0.000881109    0.061669212
    2.650000000   -0.000000000   -0.000000000
    2.660000000   -0.000000000   -0.000000000
    2.670000000   -0.000000000   -0.000000000
    2.680000000   -0.000000000   -0.000000000
    2.690000000   -0.000000000   -0.000000000
    2.700000000   -0.000000000   -0.000000000
    2.710000000   -0.000000000   -0.000000000
    2.720000000   -0.000000000   -0.000000000
    2.730000000   -0.000000000   -0.000000000
    2.740000000   -0.000000000   -0.000000000
    2.750000000   -0.000000000   -0.000000000
    2.760000000   -0.000000000   -0.000000000
    2.770000000   -0.000000000   -0.000000000
    2.780000000   -0.000000000   -0.000000000
    2.790000000   -0.000000000   -0.000000000
    2.800000000   -0.000000000   -0.000000000
    2.810000000   -0.000000000   -0.000000000
    2.820000000   -0.000000000   -0.000000000
    2.830000000   -0.000000000   -0.000000000
    2.840000000   -0.000000000   -0.000000000
    2.850000000   -0.000000000   -0.000000000
    2.860000000   -0.000000000   -0.000000000
    2.870000000   -0.000000000   -0.000000000
    2.880000000   -0.000000000   -0.000000000
    2.890000000   -0.000000000   -0.000000000
    2.900000000   -0.000000000   -0.000000000
    2.910000000   -0.000000000   -0.000000000
    2.920000000   -0.000000000   -0.000000000
    2.930000000   -0.000000000   -0.000000000
    2.940000000   -0.000000000   -0.000000000
    2.950000000   -0.000000000   -0.000000000
    2.960000000   -0.000000000   -0.000000000
    2.970000000   -0.000000000   -0.000000000
    2.980000000   -0.000000000   -0.000000000
    2.990000000   -0.000000000   -0.000000000
    3.000000000   -0.000000000   -0.000000000
