#! FIELDS cv1 file.free der_cv1
#! SET min_cv1 0
#! SET max_cv1 3.0
#! SET nbins_cv1  301
#! SET periodic_cv1 false
    0.000000000  -76.398319086 -1164.551880126
    0.010000000  -87.758058166 -1096.323443314
    0.020000000  -98.167519906 -976.138856403
    0.030000000 -107.166758859 -817.499725058
    0.040000000 -114.464509222 -639.102641112
    0.050000000 -119.964614979 -461.043664044
    0.060000000 -123.761636270 -301.197894475
    0.070000000 -126.111014171 -172.829827189
    0.080000000 -127.361864373  -82.289913545
    0.090000000 -127.898612504  -29.563550522
    0.100000000 -128.077535088   -9.254400582
    0.110000000 -128.177757004  -12.295354127
    0.120000000 -128.384684507  -28.716830540
    0.130000000 -128.783719976  -49.264080410
    0.140000000 -129.380730093  -67.140029090
    0.150000000 -130.120490428  -78.014495981
    0.160000000 -130.928507460  -80.903607748
    0.170000000 -131.728659993  -76.890201861
    0.180000000 -132.465343089  -68.527561983
    0.190000000 -133.104606809  -59.320034498
    0.200000000 -133.642186663  -52.028568963
    0.210000000 -134.114444143  -46.262859269
    0.220000000 -134.546091216  -42.848453242
    0.230000000 -134.959982533  -41.742515173
    0.240000000 -135.368138491  -42.007051298
    0.250000000 -135.781528213  -42.765721288
    0.260000000 -136.200101110  -42.542303932
    0.270000000 -136.622762636  -41.174760974
    0.280000000 -137.018041071  -38.912737198
    0.290000000 -137.387662881  -36.717241082
    0.300000000 -137.738997169  -34.899373169
    0.310000000 -138.077125993  -34.944231920
    0.320000000 -138.425269287  -36.483732169
    0.330000000 -138.798636330  -39.950353056
    0.340000000 -139.215235925  -44.652826470
    0.350000000 -139.675494806  -49.453452384
    0.360000000 -140.177583632  -52.447587753
    0.370000000 -140.695399207  -52.390783618
    0.380000000 -141.195762339  -48.749879405
    0.390000000 -141.642404919  -41.607806661
    0.400000000 -141.998674952  -30.567148411
    0.410000000 -142.234044632  -17.605149695
    0.420000000 -142.331662376   -4.158023931
    0.430000000 -142.301057585    8.627352299
    0.440000000 -142.150751334   18.562143282
    0.450000000 -141.922746891   25.151400259
    0.460000000 -141.648675457   27.361289291
    0.470000000 -141.377451063   24.860013607
    0.480000000 -141.152411106   18.565043193
    0.490000000 -140.997183590    9.765747558
    0.500000000 -140.939255901    0.158472534
    0.510000000 -140.972497003   -8.896161717
    0.520000000 -141.085487124  -14.759034974
    0.530000000 -141.240535325  -17.301060446
    0.540000000 -141.402936690  -15.625085646
    0.550000000 -141.528512112  -10.376165851
    0.560000000 -141.586305233   -2.858170283
    0.570000000 -141.557698010    5.848638345
    0.580000000 -141.441703970   15.050852524
    0.590000000 -141.242283731   22.606203675
    0.600000000 -140.978677188   27.886556950
    0.610000000 -140.673723773   31.144130221
    0.620000000 -140.345453417   32.008519595
    0.630000000 -140.017266097   31.398462747
    0.640000000 -139.695735431   30.092632673
    0.650000000 -139.391780293   29.865104120
    0.660000000 -139.086357447   30.122187486
    0.670000000 -138.766634840   31.861628913
    0.680000000 -138.424068215   34.701757611
    0.690000000 -138.046355573   39.008555630
    0.700000000 -137.620961939   43.792776128
    0.710000000 -137.148727696   48.388107319
    0.720000000 -136.636126010   52.072147439
    0.730000000 -136.096816859   53.890689783
    0.740000000 -135.545805950   53.971692263
    0.750000000 -135.004889297   51.644073918
    0.760000000 -134.496875746   47.314683996
    0.770000000 -134.036996474   42.816330117
    0.780000000 -133.621535843   37.957684831
    0.790000000 -133.253082562   34.204525959
    0.800000000 -132.915591323   32.170881430
    0.810000000 -132.590301625   31.461574689
    0.820000000 -132.265295504   31.767889500
    0.830000000 -131.937140878   32.373604825
    0.840000000 -131.604058818   31.797394476
    0.850000000 -131.276863866   30.448779678
    0.860000000 -130.976873698   28.436965151
    0.870000000 -130.695827161   25.611481265
    0.880000000 -130.438703105   23.431233993
    0.890000000 -130.198775519   23.241483607
    0.900000000 -129.949538343   24.765837009
    0.910000000 -129.679859381   27.867576864
    0.920000000 -129.373326937   31.635802799
    0.930000000 -129.027182315   34.965720326
    0.940000000 -128.657646436   36.812834295
    0.950000000 -128.282898779   36.907237253
    0.960000000 -127.912263760   34.975997931
    0.970000000 -127.568197539   31.508260377
    0.980000000 -127.263682040   28.190128256
    0.990000000 -126.988677192   25.112399207
    1.000000000 -126.741691190   22.521822257
    1.010000000 -126.519085957   20.237986350
    1.020000000 -126.316296377   17.954593799
    1.030000000 -126.144255577   14.362018024
    1.040000000 -126.015790960   10.078754588
    1.050000000 -125.935054200    3.994827628
    1.060000000 -125.922748533   -2.668904898
    1.070000000 -125.975980643   -9.449946722
    1.080000000 -126.094304492  -15.783302954
    1.090000000 -126.267014222  -20.728060567
    1.100000000 -126.482328051  -24.524711665
    1.110000000 -126.733383718  -26.706047779
    1.120000000 -127.005668471  -28.857241539
    1.130000000 -127.293052464  -30.951589657
    1.140000000 -127.606557862  -32.933484590
    1.150000000 -127.944273375  -35.414841312
    1.160000000 -128.305738831  -37.903624806
    1.170000000 -128.687248590  -39.308519719
    1.180000000 -129.075420444  -39.680636887
    1.190000000 -129.459150649  -38.613924132
    1.200000000 -129.824933437  -36.198872952
    1.210000000 -130.160725509  -33.402626660
    1.220000000 -130.477442390  -30.611488955
    1.230000000 -130.773793649  -29.933337070
    1.240000000 -131.068159283  -31.126127100
    1.250000000 -131.387715138  -34.656476263
    1.260000000 -131.754896824  -39.958530072
    1.270000000 -132.178026820  -45.921925939
    1.280000000 -132.658703540  -51.591383569
    1.290000000 -133.186552061  -55.315977352
    1.300000000 -133.739147154  -56.130874593
    1.310000000 -134.283952028  -54.217031106
    1.320000000 -134.798551739  -49.813755420
    1.330000000 -135.259887757  -43.100841763
    1.340000000 -135.647209571  -36.209240130
    1.350000000 -135.969570928  -29.937686317
    1.360000000 -136.236652144  -25.019354886
    1.370000000 -136.465795355  -22.397490911
    1.380000000 -136.673660429  -21.940435057
    1.390000000 -136.890885641  -22.688416434
    1.400000000 -137.118384319  -25.286937215
    1.410000000 -137.377736184  -27.832835531
    1.420000000 -137.662934922  -30.527410865
    1.430000000 -137.971881669  -33.004639869
    1.440000000 -138.311685507  -35.620126296
    1.450000000 -138.673755012  -38.499076047
    1.460000000 -139.065236943  -41.363943325
    1.470000000 -139.487780496  -44.844373491
    1.480000000 -139.943691489  -48.105491492
    1.490000000 -140.431233512  -51.345783459
    1.500000000 -140.950442374  -53.299677356
    1.510000000 -141.485754208  -54.815474003
    1.520000000 -142.027846316  -55.392049628
    1.530000000 -142.571377593  -54.960006531
    1.540000000 -143.107990051  -53.145628653
    1.550000000 -143.618467701  -50.357696686
    1.560000000 -144.090466355  -46.259969621
    1.570000000 -144.518477461  -40.382272615
    1.580000000 -144.882603095  -32.979568899
    1.590000000 -145.156891939  -24.032543541
    1.600000000 -145.336253584  -14.729955592
    1.610000000 -145.434059513   -5.542371065
    1.620000000 -145.446212414    1.266322504
    1.630000000 -145.401448681    4.871957488
    1.640000000 -145.344357957    4.649175920
    1.650000000 -145.301444843    0.990194856
    1.660000000 -145.309457731   -4.595039931
    1.670000000 -145.382181857  -10.534036775
    1.680000000 -145.506063193  -15.201034264
    1.690000000 -145.653415117  -16.785913087
    1.700000000 -145.805975838  -14.498383473
    1.710000000 -145.919734265   -9.562895110
    1.720000000 -145.971858300   -3.055878810
    1.730000000 -145.957308288    3.765311069
    1.740000000 -145.881984805    8.991525064
    1.750000000 -145.765834631   12.358627102
    1.760000000 -145.625859886   13.826221787
    1.770000000 -145.476445351   13.805214081
    1.780000000 -145.324957892   14.372000198
    1.790000000 -145.160240667   16.504725304
    1.800000000 -144.964873450   21.407803077
    1.810000000 -144.698513069   28.755746569
    1.820000000 -144.351730041   38.952006357
    1.830000000 -143.898055231   50.600820713
    1.840000000 -143.319376908   62.845068596
    1.850000000 -142.621673225   74.635188560
    1.860000000 -141.809440254   85.325488307
    1.870000000 -140.900833487   94.619558314
    1.880000000 -139.902423191  102.063165635
    1.890000000 -138.833206664  108.918557324
    1.900000000 -137.700734442  114.321742435
    1.910000000 -136.515273230  119.775309280
    1.920000000 -135.280863022  124.760480140
    1.930000000 -134.001677943  129.465427913
    1.940000000 -132.674790299  133.527016258
    1.950000000 -131.304366744  136.656855026
    1.960000000 -129.913512784  139.957388692
    1.970000000 -128.490706821  142.665074015
    1.980000000 -127.039963308  144.783917707
    1.990000000 -125.560522068  148.266064927
    2.000000000 -124.042539671  153.034115377
    2.010000000 -122.464874893  159.550031274
    2.020000000 -120.817665383  168.406815085
    2.030000000 -119.069440870  179.213312579
    2.040000000 -117.199158386  191.333385858
    2.050000000 -115.206409707  204.185237484
    2.060000000 -113.087188429  217.448326070
    2.070000000 -110.836309703  229.434105786
    2.080000000 -108.471989389  240.256754167
    2.090000000 -106.007117833  250.008215786
    2.100000000 -103.448257052  258.994841768
    2.110000000 -100.799150707  267.420229568
    2.120000000  -98.067590154  275.823146720
    2.130000000  -95.251195008  284.978732409
    2.140000000  -92.334586700  294.263966785
    2.150000000  -89.326313550  304.666644694
    2.160000000  -86.207990786  315.752105245
    2.170000000  -82.975503303  327.850653036
    2.180000000  -79.619623467  341.234465307
    2.190000000  -76.120085380  355.581132368
    2.200000000  -72.467676144  371.495400556
    2.210000000  -68.651065145  389.407901681
    2.220000000  -64.647325539  408.512674968
    2.230000000  -60.448458941  428.348543592
    2.240000000  -56.052277524  447.729593583
    2.250000000  -51.470409824  465.043920538
    2.260000000  -46.737301308  478.707171553
    2.270000000  -41.892323134  485.914819193
    2.280000000  -37.016903845  485.681575484
    2.290000000  -32.187863911  475.993061043
    2.300000000  -27.502907219  456.396336242
    2.310000000  -23.065269760  427.665095484
    2.320000000  -18.956065633  390.502986733
    2.330000000  -15.252126572  347.260056366
    2.340000000  -12.002864524  300.503061998
    2.350000000   -9.224308849  252.420910466
    2.360000000   -6.925669317  206.421068483
    2.370000000   -5.069142454  163.686553491
    2.380000000   -3.616120600  125.985834547
    2.390000000   -2.510537722   93.956084147
    2.400000000   -1.696371378   67.988821768
    2.410000000   -1.116681766   47.855335947
    2.420000000   -0.710247570   32.341818919
    2.430000000   -0.440632690   21.330692221
    2.440000000   -0.262778806   13.443353857
    2.450000000   -0.149930667    8.057234000
    2.460000000   -0.081691532    4.590951666
    2.470000000   -0.042892382    2.523741000
    2.480000000   -0.022140707    1.370406860
    2.490000000   -0.009219210    0.583327596
    2.500000000   -0.004444971    0.296063674
    2.510000000   -0.002238349    0.158028619
    2.520000000   -0.000000000   -0.000000000
    2.530000000   -0.000000000   -0.000000000
    2.540000000   -0.000000000   -0.000000000
    2.550000000   -0.000000000   -0.000000000
    2.560000000   -0.000000000   -0.000000000
    2.570000000   -0.000000000   -0.000000000
    2.580000000   -0.000000000   -0.000000000
    2.590000000   -0.000000000   -0.000000000
    2.600000000   -0.000000000   -0.000000000
    2.610000000   -0.000000000   -0.000000000
    2.620000000   -0.000000000   -0.000000000
    2.630000000   -0.000000000   -0.000000000
    2.640000000   -0.000000000   -0.000000000
    2.650000000   -0.000000000   -0.000000000
    2.660000000   -0.000000000   -0.000000000
    2.670000000   -0.000000000   -0.000000000
    2.680000000   -0.000000000   -0.000000000
    2.690000000   -0.000000000   -0.000000000
    2.700000000   -0.000000000   -0.000000000
    2.710000000   -0.000000000   -0.000000000
    2.720000000   -0.000000000   -0.000000000
    2.730000000   -0.000000000   -0.000000000
    2.740000000   -0.000000000   -0.000000000
    2.750000000   -0.000000000   -0.000000000
    2.760000000   -0.000000000   -0.000000000
    2.770000000   -0.000000000   -0.000000000
    2.780000000   -0.000000000   -0.000000000
    2.790000000   -0.000000000   -0.000000000
    2.800000000   -0.000000000   -0.000000000
    2.810000000   -0.000000000   -0.000000000
    2.820000000   -0.000000000   -0.000000000
    2.830000000   -0.000000000   -0.000000000
    2.840000000   -0.000000000   -0.000000000
    2.850000000   -0.000000000   -0.000000000
    2.860000000   -0.000000000   -0.000000000
    2.870000000   -0.000000000   -0.000000000
    2.880000000   -0.000000000   -0.000000000
    2.890000000   -0.000000000   -0.000000000
    2.900000000   -0.000000000   -0.000000000
    2.910000000   -0.000000000   -0.000000000
    2.920000000   -0.000000000   -0.000000000
    2.930000000   -0.000000000   -0.000000000
    2.940000000   -0.000000000   -0.000000000
    2.950000000   -0.000000000   -0.000000000
    2.960000000   -0.000000000   -0.000000000
    2.970000000   -0.000000000   -0.000000000
    2.980000000   -0.000000000   -0.000000000
    2.990000000   -0.000000000   -0.000000000
    3.000000000   -0.000000000   -0.000000000
