#! FIELDS cv1 file.free der_cv1
#! SET min_cv1 0
#! SET max_cv1 3.0
#! SET nbins_cv1  301
#! SET periodic_cv1 false
    0.000000000  -25.613041640 -636.928613291
    0.010000000  -32.166394266 -666.658138740
    0.020000000  -38.815174491 -655.624015606
    0.030000000  -45.153391827 -605.554239326
    0.040000000  -50.829779581 -525.249366724
    0.050000000  -55.606652513 -428.116753673
    0.060000000  -59.389972823 -328.737023746
    0.070000000  -62.220332626 -239.254900237
    0.080000000  -64.239635922 -167.421802959
    0.090000000  -65.642733378 -116.123574000
    0.100000000  -66.632597419  -84.334890718
    0.110000000  -67.388706580  -68.682995815
    0.120000000  -68.050555635  -64.823626320
    0.130000000  -68.715914287  -68.574037429
    0.140000000  -69.439650833  -75.972603523
    0.150000000  -70.241821302  -83.769260788
    0.160000000  -71.113093666  -89.605040588
    0.170000000  -72.023585067  -92.048390091
    0.180000000  -72.937298754  -90.486768618
    0.190000000  -73.817312841  -85.724143960
    0.200000000  -74.636723336  -78.831273389
    0.210000000  -75.383361768  -71.283349129
    0.220000000  -76.058199300  -64.485686577
    0.230000000  -76.673720794  -59.452318580
    0.240000000  -77.249370990  -56.570990953
    0.250000000  -77.807037729  -55.882321786
    0.260000000  -78.365768396  -56.623441491
    0.270000000  -78.933630904  -57.673764697
    0.280000000  -79.509862530  -57.809517486
    0.290000000  -80.077454768  -56.069219987
    0.300000000  -80.616509279  -51.790885185
    0.310000000  -81.101344426  -45.326780347
    0.320000000  -81.513661123  -37.832443968
    0.330000000  -81.850606549  -30.690723908
    0.340000000  -82.124317576  -25.253456335
    0.350000000  -82.358676539  -22.731848392
    0.360000000  -82.582747157  -23.317906276
    0.370000000  -82.825590321  -26.413741487
    0.380000000  -83.106112191  -30.645371529
    0.390000000  -83.430549509  -34.802523612
    0.400000000  -83.791841858  -37.912652814
    0.410000000  -84.174693669  -39.124838096
    0.420000000  -84.558992337  -38.164979694
    0.430000000  -84.922700687  -34.903976354
    0.440000000  -85.242822994  -29.798027884
    0.450000000  -85.505935894  -23.444585535
    0.460000000  -85.705167914  -17.207532967
    0.470000000  -85.847484005  -12.668853084
    0.480000000  -85.957189275  -10.853197803
    0.490000000  -86.066478332  -12.437298314
    0.500000000  -86.207857036  -17.247741423
    0.510000000  -86.409478517  -23.917004070
    0.520000000  -86.681106959  -31.082159357
    0.530000000  -87.019076363  -37.033427900
    0.540000000  -87.404558654  -40.545179221
    0.550000000  -87.810198242  -40.828845396
    0.560000000  -88.203257817  -38.254880638
    0.570000000  -88.557952581  -33.334032996
    0.580000000  -88.856808561  -27.085460780
    0.590000000  -89.092435551  -21.227532358
    0.600000000  -89.277916649  -17.053174192
    0.610000000  -89.434113835  -15.815688069
    0.620000000  -89.593495336  -17.602828029
    0.630000000  -89.785202892  -21.951049571
    0.640000000  -90.027560585  -27.325721559
    0.650000000  -90.320839751  -31.738425687
    0.660000000  -90.645370610  -33.565099620
    0.670000000  -90.970772129  -31.794921238
    0.680000000  -91.261534873  -26.816869367
    0.690000000  -91.491854479  -19.954682445
    0.700000000  -91.652021905  -13.241921093
    0.710000000  -91.753127412   -8.530932151
    0.720000000  -91.823552117   -6.821270318
    0.730000000  -91.893008676   -8.584713413
    0.740000000  -91.992978710  -12.737753581
    0.750000000  -92.141161154  -17.830131994
    0.760000000  -92.338749574  -22.368150277
    0.770000000  -92.572945378  -25.099338242
    0.780000000  -92.822488404  -25.462316222
    0.790000000  -93.065639396  -23.662223683
    0.800000000  -93.283573433  -20.702723521
    0.810000000  -93.469974413  -17.516021862
    0.820000000  -93.627661663  -15.068724017
    0.830000000  -93.766199288  -13.826358587
    0.840000000  -93.897854725  -13.779223675
    0.850000000  -94.033128772  -14.370802720
    0.860000000  -94.175320991  -14.831282662
    0.870000000  -94.318817199  -14.708858310
    0.880000000  -94.456225994  -13.723021959
    0.890000000  -94.581416643  -12.173066268
    0.900000000  -94.691951169  -10.956508860
    0.910000000  -94.794604464  -10.954392144
    0.920000000  -94.905404947  -12.474271193
    0.930000000  -95.040434428  -15.447148002
    0.940000000  -95.207128771  -19.012743766
    0.950000000  -95.407216180  -21.866700614
    0.960000000  -95.627691564  -22.839296912
    0.970000000  -95.846558253  -21.503416150
    0.980000000  -96.039760658  -17.919743992
    0.990000000  -96.189613403  -12.970142565
    1.000000000  -96.289341591   -8.065018793
    1.010000000  -96.344850738   -4.272284736
    1.020000000  -96.372250756   -2.581277722
    1.030000000  -96.394195771   -3.169446982
    1.040000000  -96.431959885   -5.663501712
    1.050000000  -96.499443747   -8.965170666
    1.060000000  -96.600037197  -12.004502292
    1.070000000  -96.724026919  -13.624860890
    1.080000000  -96.855342575  -13.248526825
    1.090000000  -96.973768205  -11.027480597
    1.100000000  -97.062064559   -7.528752318
    1.110000000  -97.112391453   -3.664355793
    1.120000000  -97.127406336   -0.431699426
    1.130000000  -97.115081320    1.512878316
    1.140000000  -97.091705962    1.963278284
    1.150000000  -97.070561231    1.082811892
    1.160000000  -97.061748851   -0.487031313
    1.170000000  -97.069146679   -1.967383455
    1.180000000  -97.088253590   -2.689614395
    1.190000000  -97.108991468   -2.363782184
    1.200000000  -97.122129002   -1.155536110
    1.210000000  -97.121096652    0.286258301
    1.220000000  -97.107872829    1.044188712
    1.230000000  -97.094735095    0.402932930
    1.240000000  -97.095790664   -2.054687675
    1.250000000  -97.128382269   -5.529926101
    1.260000000  -97.196937338   -9.115105279
    1.270000000  -97.296287124  -11.458542673
    1.280000000  -97.406617508  -11.488506336
    1.290000000  -97.504730565   -8.700889362
    1.300000000  -97.564764871   -4.041986407
    1.310000000  -97.573724164    0.928996533
    1.320000000  -97.539544926    4.578055655
    1.330000000  -97.482507533    5.329164548
    1.340000000  -97.434070447    2.675138487
    1.350000000  -97.426877183   -2.727881137
    1.360000000  -97.481421651   -9.103408833
    1.370000000  -97.595197121  -14.642160768
    1.380000000  -97.753725535  -17.381751368
    1.390000000  -97.923650816  -17.105433463
    1.400000000  -98.077210778  -14.455766232
    1.410000000  -98.198630322  -10.773044804
    1.420000000  -98.285301101   -7.695165138
    1.430000000  -98.347191021   -6.152368269
    1.440000000  -98.401626872   -5.935152703
    1.450000000  -98.459126198   -6.701843806
    1.460000000  -98.524901538   -7.623113448
    1.470000000  -98.599829136   -8.369807627
    1.480000000  -98.681644134   -9.128853311
    1.490000000  -98.772529114  -10.179548786
    1.500000000  -98.876145772  -11.658203543
    1.510000000  -98.996491030  -13.379431190
    1.520000000  -99.132515200  -14.681168381
    1.530000000  -99.277314629  -15.110246733
    1.540000000  -99.420693050  -14.416052225
    1.550000000  -99.550759886  -12.724613992
    1.560000000  -99.661402558  -10.365934416
    1.570000000  -99.747367131   -7.793642618
    1.580000000  -99.807360688   -5.503465850
    1.590000000  -99.847620716   -3.534936504
    1.600000000  -99.870877078   -2.142544015
    1.610000000  -99.883336705   -1.513752335
    1.620000000  -99.893410038   -1.729175619
    1.630000000  -99.910512235   -3.132056137
    1.640000000  -99.946991954   -5.589927204
    1.650000000 -100.015043265   -8.937387820
    1.660000000 -100.117791932  -12.641392643
    1.670000000 -100.254477469  -15.641098915
    1.680000000 -100.414241496  -17.105719810
    1.690000000 -100.578517986  -16.446426901
    1.700000000 -100.725013362  -13.614352481
    1.710000000 -100.835057442   -9.315062272
    1.720000000 -100.898738219   -4.515134250
    1.730000000 -100.916280818   -0.237818009
    1.740000000 -100.896388021    2.905089869
    1.750000000 -100.852890585    4.482630613
    1.760000000 -100.801715873    4.242839070
    1.770000000 -100.761515450    2.513350491
    1.780000000 -100.745877856   -0.754781406
    1.790000000 -100.768986033   -5.124482300
    1.800000000 -100.838162846   -9.885087749
    1.810000000 -100.953020692  -13.916034050
    1.820000000 -101.099916308  -16.175683493
    1.830000000 -101.256432629  -15.749630421
    1.840000000 -101.395232029  -12.611665895
    1.850000000 -101.490522645   -7.351071127
    1.860000000 -101.528456905   -1.280305751
    1.870000000 -101.506477981    4.185651988
    1.880000000 -101.437962702    8.071254235
    1.890000000 -101.341428070    9.964137165
    1.900000000 -101.235339121    9.857987658
    1.910000000 -101.136500080    8.646129479
    1.920000000 -101.052023751    7.002071288
    1.930000000 -100.983547408    5.620442610
    1.940000000 -100.926297918    4.779977697
    1.950000000 -100.874255641    4.833584637
    1.960000000 -100.816331862    5.636902617
    1.970000000 -100.745701051    7.587252130
    1.980000000 -100.651042827   10.553911364
    1.990000000 -100.522751732   13.995354285
    2.000000000 -100.358460399   17.444884430
    2.010000000 -100.164172449   20.123010652
    2.020000000  -99.950148306   21.234290952
    2.030000000  -99.734246798   20.531509624
    2.040000000  -99.533230350   18.280322754
    2.050000000  -99.359276048   15.363271584
    2.060000000  -99.213229105   12.976538998
    2.070000000  -99.084552512   11.936398312
    2.080000000  -98.955996876   12.916904085
    2.090000000  -98.807361373   15.879825861
    2.100000000  -98.621594902   20.276595110
    2.110000000  -98.387775519   25.348680814
    2.120000000  -98.103399946   30.365408210
    2.130000000  -97.771878314   34.577024810
    2.140000000  -97.403881395   37.629261870
    2.150000000  -97.010953743   39.281841107
    2.160000000  -96.609817694   39.726723804
    2.170000000  -96.208593610   39.185838328
    2.180000000  -95.814300601   38.535240170
    2.190000000  -95.424363295   38.438637434
    2.200000000  -95.029460844   39.680161262
    2.210000000  -94.613748705   42.489368215
    2.220000000  -94.162545809   46.708585210
    2.230000000  -93.665146645   51.613636615
    2.240000000  -93.118662115   56.401354291
    2.250000000  -92.528963125   60.089724509
    2.260000000  -91.909920265   62.291381754
    2.270000000  -91.277552888   62.746530937
    2.280000000  -90.647060887   61.869307881
    2.290000000  -90.030629682   60.162088206
    2.300000000  -89.431882934   58.300428651
    2.310000000  -88.849535269   57.158215998
    2.320000000  -88.272340597   57.207593842
    2.330000000  -87.687116425   58.945449054
    2.340000000  -87.076510376   62.442960977
    2.350000000  -86.423665043   67.475035282
    2.360000000  -85.713587089   73.574524957
    2.370000000  -84.939529516   80.192106220
    2.380000000  -84.099699341   86.411074654
    2.390000000  -83.203604685   91.095781866
    2.400000000  -82.273646616   92.752602899
    2.410000000  -81.348257988   89.803112128
    2.420000000  -80.480097409   81.363449303
    2.430000000  -79.722936895   67.668838730
    2.440000000  -79.118083948   51.599461304
    2.450000000  -78.663044591   39.173879271
    2.460000000  -78.278838406   39.256437580
    2.470000000  -77.786991302   62.037861191
    2.480000000  -76.914239110  116.708654619
    2.490000000  -75.316751911  207.207208844
    2.500000000  -72.647873464  329.531107629
    2.510000000  -68.645918847  471.009129714
    2.520000000  -63.213952712  611.964537991
    2.530000000  -56.468456871  729.960857720
    2.540000000  -48.741038371  805.651741260
    2.550000000  -40.521443523  827.533193917
    2.560000000  -32.361383782  794.270044033
    2.570000000  -24.776208283  714.749168228
    2.580000000  -18.154276509  604.438368536
    2.590000000  -12.715317440  481.376661166
    2.600000000   -8.502588690  361.414380407
    2.610000000   -5.423406015  256.112969100
    2.620000000   -3.297544631  171.473503968
    2.630000000   -1.909213119  108.469041468
    2.640000000   -1.050866687   64.761419542
    2.650000000   -0.548485694   36.415820286
    2.660000000   -0.269307809   19.111555039
    2.670000000   -0.123552655    9.305149503
    2.680000000   -0.051666727    4.090234624
    2.690000000   -0.018781332    1.544895174
    2.700000000   -0.005801113    0.492092666
    2.710000000   -0.001674972    0.147985676
    2.720000000   -0.000322719    0.029508681
    2.730000000   -0.000000000   -0.000000000
    2.740000000   -0.000000000   -0.000000000
    2.750000000   -0.000000000   -0.000000000
    2.760000000   -0.000000000   -0.000000000
    2.770000000   -0.000000000   -0.000000000
    2.780000000   -0.000000000   -0.000000000
    2.790000000   -0.000000000   -0.000000000
    2.800000000   -0.000000000   -0.000000000
    2.810000000   -0.000000000   -0.000000000
    2.820000000   -0.000000000   -0.000000000
    2.830000000   -0.000000000   -0.000000000
    2.840000000   -0.000000000   -0.000000000
    2.850000000   -0.000000000   -0.000000000
    2.860000000   -0.000000000   -0.000000000
    2.870000000   -0.000000000   -0.000000000
    2.880000000   -0.000000000   -0.000000000
    2.890000000   -0.000000000   -0.000000000
    2.900000000   -0.000000000   -0.000000000
    2.910000000   -0.000000000   -0.000000000
    2.920000000   -0.000000000   -0.000000000
    2.930000000   -0.000000000   -0.000000000
    2.940000000   -0.000000000   -0.000000000
    2.950000000   -0.000000000   -0.000000000
    2.960000000   -0.000000000   -0.000000000
    2.970000000   -0.000000000   -0.000000000
    2.980000000   -0.000000000   -0.000000000
    2.990000000   -0.000000000   -0.000000000
    3.000000000   -0.000000000   -0.000000000
