#! FIELDS cv1 file.free der_cv1
#! SET min_cv1 0
#! SET max_cv1 3.0
#! SET nbins_cv1  301
#! SET periodic_cv1 false
    0.000000000   -1.229971446  -44.717773645
    0.010000000   -1.734841647  -56.182619767
    0.020000000   -2.354232944  -67.392190139
    0.030000000   -3.079722376  -77.284596027
    0.040000000   -3.893747623  -85.009679384
    0.050000000   -4.771988358  -90.108172364
    0.060000000   -5.688610103  -92.694637019
    0.070000000   -6.620603362  -93.330645745
    0.080000000   -7.552891185  -92.918247903
    0.090000000   -8.479708548  -92.360442288
    0.100000000   -9.403035505  -92.245260010
    0.110000000  -10.327782145  -92.596218772
    0.120000000  -11.256123455  -92.864684017
    0.130000000  -12.183299424  -92.189521854
    0.140000000  -13.095326061  -89.710673185
    0.150000000  -13.971361175  -84.972367978
    0.160000000  -14.789588699  -78.211145503
    0.170000000  -15.533332241  -70.277672482
    0.180000000  -16.196787863  -62.430611311
    0.190000000  -16.787711201  -55.906523205
    0.200000000  -17.323423856  -51.519807175
    0.210000000  -17.826635814  -49.485614486
    0.220000000  -18.319957082  -49.399748103
    0.230000000  -18.819350142  -50.562716508
    0.240000000  -19.333310145  -52.217762967
    0.250000000  -19.863502399  -53.742695458
    0.260000000  -20.406691110  -54.742564728
    0.270000000  -20.956029486  -55.026331473
    0.280000000  -21.504168731  -54.470139684
    0.290000000  -22.041516738  -52.948845444
    0.300000000  -22.559178733  -50.344931936
    0.310000000  -23.044759862  -46.683483984
    0.320000000  -23.488963964  -42.047394174
    0.330000000  -23.882830051  -36.839434196
    0.340000000  -24.223290110  -31.433949053
    0.350000000  -24.512098196  -26.497260612
    0.360000000  -24.756016434  -22.591324922
    0.370000000  -24.968314198  -20.377023805
    0.380000000  -25.168383817  -20.189431894
    0.390000000  -25.379598190  -22.540074283
    0.400000000  -25.627504158  -27.509338208
    0.410000000  -25.935001183  -34.496801540
    0.420000000  -26.317576671  -42.186778861
    0.430000000  -26.773574349  -48.717183994
    0.440000000  -27.280204037  -52.084614966
    0.450000000  -27.798824236  -51.034706348
    0.460000000  -28.283944046  -45.439396756
    0.470000000  -28.695183906  -36.803970274
    0.480000000  -29.014151777  -27.398463967
    0.490000000  -29.247153115  -19.909952313
    0.500000000  -29.423319543  -16.321294781
    0.510000000  -29.586496479  -17.257053103
    0.520000000  -29.779447112  -22.009748190
    0.530000000  -30.031591465  -28.670878799
    0.540000000  -30.349232504  -34.801047168
    0.550000000  -30.715478717  -38.118439944
    0.560000000  -31.095149985  -37.278511448
    0.570000000  -31.444316387  -32.179312265
    0.580000000  -31.725723161  -23.915979178
    0.590000000  -31.917668172  -14.746481427
    0.600000000  -32.024622138   -7.197370100
    0.610000000  -32.071408101   -3.373060167
    0.620000000  -32.101748322   -3.866670251
    0.630000000  -32.157945681   -8.219064255
    0.640000000  -32.270443658  -14.660403726
    0.650000000  -32.447960247  -20.736249554
    0.660000000  -32.674583759  -24.315039098
    0.670000000  -32.918571907  -24.111420605
    0.680000000  -33.141661844  -20.284173839
    0.690000000  -33.313839405  -14.165468907
    0.700000000  -33.421569468   -7.892411136
    0.710000000  -33.474334569   -3.495826062
    0.720000000  -33.499220970   -2.248949228
    0.730000000  -33.528892745   -4.559266668
    0.740000000  -33.594550749   -9.429676755
    0.750000000  -33.715568907  -15.056535524
    0.760000000  -33.889261185  -19.712564717
    0.770000000  -34.097988408  -21.843569663
    0.780000000  -34.312511556  -20.857682293
    0.790000000  -34.503256288  -17.168101822
    0.800000000  -34.648344080  -12.081213918
    0.810000000  -34.742135357   -7.048138197
    0.820000000  -34.792296734   -3.522661206
    0.830000000  -34.817152292   -2.156216175
    0.840000000  -34.838190423   -2.835050042
    0.850000000  -34.873555618   -4.769276955
    0.860000000  -34.931706143   -7.131237241
    0.870000000  -35.012553263   -9.343105440
    0.880000000  -35.113967452  -11.317067141
    0.890000000  -35.235297114  -13.273970416
    0.900000000  -35.378903614  -15.812770807
    0.910000000  -35.551443143  -19.330561221
    0.920000000  -35.762873238  -23.431353779
    0.930000000  -36.017285539  -27.497547057
    0.940000000  -36.306912418  -30.469597126
    0.950000000  -36.615424188  -31.252122269
    0.960000000  -36.917433001  -29.063542160
    0.970000000  -37.182451472  -23.831887225
    0.980000000  -37.382043931  -16.173872142
    0.990000000  -37.498150814   -7.312441148
    1.000000000  -37.526248456    1.161385630
    1.010000000  -37.477299406    7.939681415
    1.020000000  -37.373077695   12.008230443
    1.030000000  -37.242726615   13.173241926
    1.040000000  -37.114131681   11.797199528
    1.050000000  -37.007848751    8.988662021
    1.060000000  -36.932441122    5.776668525
    1.070000000  -36.886076636    3.243553949
    1.080000000  -36.860202666    1.767507846
    1.090000000  -36.844571925    1.214331984
    1.100000000  -36.831592953    0.982373860
    1.110000000  -36.821594679    0.487175910
    1.120000000  -36.820785095   -0.783141984
    1.130000000  -36.836189340   -2.940505495
    1.140000000  -36.877016647   -5.639069960
    1.150000000  -36.945882546   -8.487573247
    1.160000000  -37.041226524  -10.912049676
    1.170000000  -37.156476089  -12.426026084
    1.180000000  -37.281586517  -12.728025297
    1.190000000  -37.403083666  -11.877518941
    1.200000000  -37.512004298  -10.147399405
    1.210000000  -37.601843582   -8.215875069
    1.220000000  -37.673771343   -6.799286804
    1.230000000  -37.737757931   -6.481845913
    1.240000000  -37.804772670   -7.592525056
    1.250000000  -37.887272388   -9.312020024
    1.260000000  -37.986414618  -10.753507749
    1.270000000  -38.093626245  -10.743410174
    1.280000000  -38.188595627   -8.332183585
    1.290000000  -38.247538442   -3.454307618
    1.300000000  -38.249908469    2.760820503
    1.310000000  -38.189913536    8.545366057
    1.320000000  -38.081658905   12.155564358
    1.330000000  -37.954276871   12.339624414
    1.340000000  -37.843457658    8.944877718
    1.350000000  -37.779719656    3.071448909
    1.360000000  -37.779204472   -3.255563004
    1.370000000  -37.835348595   -8.206093572
    1.380000000  -37.929521161  -10.415004332
    1.390000000  -38.031681076  -10.051557004
    1.400000000  -38.120657367   -7.955824679
    1.410000000  -38.185767154   -5.463136461
    1.420000000  -38.228702857   -3.620284144
    1.430000000  -38.257746775   -2.868899960
    1.440000000  -38.284184342   -2.855382905
    1.450000000  -38.312234551   -3.164953527
    1.460000000  -38.342736635   -3.460618759
    1.470000000  -38.376748114   -3.849534332
    1.480000000  -38.417645517   -4.863934181
    1.490000000  -38.473643012   -6.994694723
    1.500000000  -38.557120166  -10.169591103
    1.510000000  -38.676530578  -14.024314253
    1.520000000  -38.832124466  -17.370683539
    1.530000000  -39.015000485  -19.177882303
    1.540000000  -39.204513047  -18.768394511
    1.550000000  -39.377247560  -16.010261360
    1.560000000  -39.512569917  -11.117690100
    1.570000000  -39.592767344   -5.100823019
    1.580000000  -39.611075010    0.809800063
    1.590000000  -39.575928679    5.645939682
    1.600000000  -39.502412154    8.337938686
    1.610000000  -39.413976075    8.464286587
    1.620000000  -39.337013265    6.034851740
    1.630000000  -39.295298232    1.584131650
    1.640000000  -39.304526331   -3.911442442
    1.650000000  -39.369839718   -9.413404598
    1.660000000  -39.485341485  -13.797051694
    1.670000000  -39.635040309  -16.280368686
    1.680000000  -39.799585025  -16.627680551
    1.690000000  -39.957170602  -15.021733948
    1.700000000  -40.090939176  -12.005346963
    1.710000000  -40.190820541   -8.399475920
    1.720000000  -40.254386872   -4.887884351
    1.730000000  -40.285695540   -1.868917653
    1.740000000  -40.290155612    0.502789261
    1.750000000  -40.273791654    2.130123930
    1.760000000  -40.244844929    3.013774244
    1.770000000  -40.211615319    3.071636948
    1.780000000  -40.183748969    1.874512819
    1.790000000  -40.174765564   -0.722011833
    1.800000000  -40.197417718   -4.417688624
    1.810000000  -40.259548121   -8.312692280
    1.820000000  -40.356011705  -11.326015665
    1.830000000  -40.472935180  -12.058515730
    1.840000000  -40.583901697  -10.074863822
    1.850000000  -40.661944980   -5.482623066
    1.860000000  -40.683694548    0.728443772
    1.870000000  -40.639607706    7.476042019
    1.880000000  -40.531911506   13.430691816
    1.890000000  -40.372595971   17.777326783
    1.900000000  -40.180326893   19.887958507
    1.910000000  -39.977010691   19.845636389
    1.920000000  -39.783739971   18.007049126
    1.930000000  -39.616607215   14.714080495
    1.940000000  -39.487383532   10.571958580
    1.950000000  -39.401048222    6.366335069
    1.960000000  -39.353704365    2.864461834
    1.970000000  -39.333518881    1.089051951
    1.980000000  -39.320589982    1.630428181
    1.990000000  -39.289862697    4.311039780
    2.000000000  -39.222573478    8.760848209
    2.010000000  -39.107155447   13.818884513
    2.020000000  -38.943724652   18.101912820
    2.030000000  -38.746285684   20.508571443
    2.040000000  -38.536728801   20.472729441
    2.050000000  -38.339360812   18.259050734
    2.060000000  -38.170966767   14.962284249
    2.070000000  -38.034690872   11.973947254
    2.080000000  -37.919694453   10.947729294
    2.090000000  -37.800284650   12.942568418
    2.100000000  -37.645076611   18.223288783
    2.110000000  -37.422735813   26.123090880
    2.120000000  -37.113287762   35.298655988
    2.130000000  -36.713179217   44.005353873
    2.140000000  -36.234947661   50.668626262
    2.150000000  -35.704432978   54.343775443
    2.160000000  -35.153069896   54.970474949
    2.170000000  -34.606670536   53.474509538
    2.180000000  -34.081174799   51.131581894
    2.190000000  -33.577124955   49.129561059
    2.200000000  -33.088650790   48.415333890
    2.210000000  -32.600360642   48.838700013
    2.220000000  -32.103501781   50.010733693
    2.230000000  -31.594781656   51.164039180
    2.240000000  -31.077113805   51.770297230
    2.250000000  -30.556460092   51.718268424
    2.260000000  -30.037878684   51.558642485
    2.270000000  -29.518051030   51.966706715
    2.280000000  -28.987235660   53.864710366
    2.290000000  -28.429140347   57.488382832
    2.300000000  -27.826943524   62.554418637
    2.310000000  -27.170698740   68.218600454
    2.320000000  -26.459825405   73.246683556
    2.330000000  -25.706227604   76.610691659
    2.340000000  -24.930304792   77.719518637
    2.350000000  -24.155144925   76.645651276
    2.360000000  -23.397025009   74.219033432
    2.370000000  -22.664509235   71.839260461
    2.380000000  -21.950297349   70.750926035
    2.390000000  -21.236922547   71.865760762
    2.400000000  -20.500169912   75.424867714
    2.410000000  -19.716672363   80.940420646
    2.420000000  -18.871837976   87.612478220
    2.430000000  -17.959195729   94.341393289
    2.440000000  -16.981936741  100.370589289
    2.450000000  -15.949239126  105.656347611
    2.460000000  -14.866119970  110.486105288
    2.470000000  -13.733038199  115.552188306
    2.480000000  -12.546147956  121.530399603
    2.490000000  -11.296166181  128.062075660
    2.500000000   -9.982177395  134.113201416
    2.510000000   -8.617117826  137.947608259
    2.520000000   -7.232728803  137.772244372
    2.530000000   -5.875905512  132.260002282
    2.540000000   -4.602172056  121.195854887
    2.550000000   -3.463606367  105.531989051
    2.560000000   -2.497601729   87.035111245
    2.570000000   -1.721495957   67.846119060
    2.580000000   -1.132146552   49.948936595
    2.590000000   -0.709874890   34.763710461
    2.600000000   -0.423296533   22.807179819
    2.610000000   -0.239920898   14.119863440
    2.620000000   -0.129191149    8.253180776
    2.630000000   -0.065624382    4.515384849
    2.640000000   -0.031310645    2.305368985
    2.650000000   -0.014089971    1.105727482
    2.660000000   -0.005193749    0.423051659
    2.670000000   -0.001826467    0.155488727
    2.680000000   -0.000459006    0.040159430
    2.690000000   -0.000152630    0.014162156
    2.700000000   -0.000000000   -0.000000000
    2.710000000   -0.000000000   -0.000000000
    2.720000000   -0.000000000   -0.000000000
    2.730000000   -0.000000000   -0.000000000
    2.740000000   -0.000000000   -0.000000000
    2.750000000   -0.000000000   -0.000000000
    2.760000000   -0.000000000   -0.000000000
    2.770000000   -0.000000000   -0.000000000
    2.780000000   -0.000000000   -0.000000000
    2.790000000   -0.000000000   -0.000000000
    2.800000000   -0.000000000   -0.000000000
    2.810000000   -0.000000000   -0.000000000
    2.820000000   -0.000000000   -0.000000000
    2.830000000   -0.000000000   -0.000000000
    2.840000000   -0.000000000   -0.000000000
    2.850000000   -0.000000000   -0.000000000
    2.860000000   -0.000000000   -0.000000000
    2.870000000   -0.000000000   -0.000000000
    2.880000000   -0.000000000   -0.000000000
    2.890000000   -0.000000000   -0.000000000
    2.900000000   -0.000000000   -0.000000000
    2.910000000   -0.000000000   -0.000000000
    2.920000000   -0.000000000   -0.000000000
    2.930000000   -0.000000000   -0.000000000
    2.940000000   -0.000000000   -0.000000000
    2.950000000   -0.000000000   -0.000000000
    2.960000000   -0.000000000   -0.000000000
    2.970000000   -0.000000000   -0.000000000
    2.980000000   -0.000000000   -0.000000000
    2.990000000   -0.000000000   -0.000000000
    3.000000000   -0.000000000   -0.000000000
