#! FIELDS cv1 file.free der_cv1
#! SET min_cv1 0
#! SET max_cv1 3.0
#! SET nbins_cv1  301
#! SET periodic_cv1 false
    0.000000000  -22.544054973 -578.234347587
    0.010000000  -28.532945264 -613.288093579
    0.020000000  -34.692751705 -611.834848312
    0.030000000  -40.652795522 -574.031218889
    0.040000000  -46.078843940 -506.665611633
    0.050000000  -50.729971449 -421.226823630
    0.060000000  -54.492229237 -330.943141407
    0.070000000  -57.376931758 -247.415952499
    0.080000000  -59.494997134 -178.580041152
    0.090000000  -61.014558149 -127.958979567
    0.100000000  -62.119357010  -95.323035520
    0.110000000  -62.977254682  -78.005902995
    0.120000000  -63.722672433  -72.216694351
    0.130000000  -64.452335083  -74.114504678
    0.140000000  -65.223335112  -79.990967640
    0.150000000  -66.059912614  -86.760382191
    0.160000000  -66.958365575  -92.124642503
    0.170000000  -67.894562986  -94.602500262
    0.180000000  -68.836297980  -93.455875125
    0.190000000  -69.748884505  -89.163257452
    0.200000000  -70.604315133  -82.419541588
    0.210000000  -71.385493176  -74.445095084
    0.220000000  -72.086942717  -66.476406280
    0.230000000  -72.713893514  -59.617010647
    0.240000000  -73.280712807  -54.566544658
    0.250000000  -73.807830076  -51.802056177
    0.260000000  -74.317703749  -50.976623751
    0.270000000  -74.825267745  -51.374744277
    0.280000000  -75.339637838  -51.872953509
    0.290000000  -75.853711942  -51.370351579
    0.300000000  -76.354807611  -48.912031476
    0.310000000  -76.820860683  -44.411165581
    0.320000000  -77.233148720  -38.610699776
    0.330000000  -77.584616726  -32.663687887
    0.340000000  -77.882111019  -27.888677766
    0.350000000  -78.144706067  -25.637668866
    0.360000000  -78.398607897  -26.356033455
    0.370000000  -78.672984309  -29.659555395
    0.380000000  -78.988282008  -34.346040594
    0.390000000  -79.352978104  -39.168417885
    0.400000000  -79.761619700  -42.968001831
    0.410000000  -80.197843945  -44.659198748
    0.420000000  -80.638340372  -43.708021095
    0.430000000  -81.055186251  -39.855627237
    0.440000000  -81.419215036  -33.464512273
    0.450000000  -81.710377881  -25.259782306
    0.460000000  -81.917214424  -16.830022180
    0.470000000  -82.044924685  -10.076820033
    0.480000000  -82.119003723   -6.355157527
    0.490000000  -82.176435476   -6.643667418
    0.500000000  -82.256860566  -10.938623634
    0.510000000  -82.396326383  -17.889294925
    0.520000000  -82.612074983  -25.986097729
    0.530000000  -82.905581781  -33.252629958
    0.540000000  -83.260708926  -38.194425857
    0.550000000  -83.650021132  -39.844252050
    0.560000000  -84.039688252  -38.476057660
    0.570000000  -84.402126266  -34.578927683
    0.580000000  -84.717966430  -29.173955993
    0.590000000  -84.977814726  -23.905209798
    0.600000000  -85.191769349  -19.955707678
    0.610000000  -85.376486999  -18.496355589
    0.620000000  -85.559732762  -19.596223534
    0.630000000  -85.766548297  -22.906331757
    0.640000000  -86.012860961  -27.121944880
    0.650000000  -86.299002649  -30.535768032
    0.660000000  -86.608038113  -31.674215798
    0.670000000  -86.912897311  -29.566239840
    0.680000000  -87.181168109  -24.513083012
    0.690000000  -87.388729156  -17.679365397
    0.700000000  -87.526427507  -10.953436000
    0.710000000  -87.604532783   -6.177380324
    0.720000000  -87.651281995   -4.404059178
    0.730000000  -87.696949430   -6.226552887
    0.740000000  -87.774523478  -10.640729286
    0.750000000  -87.904235444  -16.194621981
    0.760000000  -88.088572993  -21.302173825
    0.770000000  -88.315217890  -24.569816354
    0.780000000  -88.561540560  -25.293371674
    0.790000000  -88.803699230  -23.540579526
    0.800000000  -89.019562275  -20.313704396
    0.810000000  -89.199795416  -16.587585497
    0.820000000  -89.345013738  -13.411795262
    0.830000000  -89.463391816  -11.425049688
    0.840000000  -89.568069310  -10.785624161
    0.850000000  -89.672318245  -11.203834837
    0.860000000  -89.784780756  -12.126910492
    0.870000000  -89.906786475  -13.228278426
    0.880000000  -90.038762000  -14.171029871
    0.890000000  -90.180212048  -14.962451426
    0.900000000  -90.330461753  -15.986365261
    0.910000000  -90.492269169  -17.528874655
    0.920000000  -90.671912103  -19.395702259
    0.930000000  -90.872103264  -21.266681971
    0.940000000  -91.086010950  -22.398595130
    0.950000000  -91.304130391  -21.939868105
    0.960000000  -91.507987756  -19.430830542
    0.970000000  -91.677617684  -15.178940336
    0.980000000  -91.797953783   -9.837755929
    0.990000000  -91.864703030   -4.645012289
    1.000000000  -91.886313598   -0.945809712
    1.010000000  -91.881688316    0.530557609
    1.020000000  -91.875359638   -0.626547667
    1.030000000  -91.892128650   -3.976006946
    1.040000000  -91.949736617   -8.644192058
    1.050000000  -92.054700537  -13.220691405
    1.060000000  -92.200464633  -16.597936609
    1.070000000  -92.368744145  -17.705027586
    1.080000000  -92.536054451  -16.259291762
    1.090000000  -92.678260365  -12.710143084
    1.100000000  -92.777184527   -7.949280671
    1.110000000  -92.826735141   -3.138435104
    1.120000000  -92.833834404    0.569630567
    1.130000000  -92.811463759    2.491685888
    1.140000000  -92.780449203    2.493594197
    1.150000000  -92.757904063    0.875086698
    1.160000000  -92.755938727   -1.612671905
    1.170000000  -92.779826912   -4.090725700
    1.180000000  -92.825662603   -5.838795475
    1.190000000  -92.883560851   -6.586313134
    1.200000000  -92.944443969   -6.419577304
    1.210000000  -93.000840119   -5.862397193
    1.220000000  -93.052462815   -5.661408523
    1.230000000  -93.107399649   -6.359362177
    1.240000000  -93.174362157   -8.332171845
    1.250000000  -93.265456909  -10.842011896
    1.260000000  -93.381049522  -13.140395504
    1.270000000  -93.513859696  -14.101109717
    1.280000000  -93.644248347  -12.814270936
    1.290000000  -93.750081474   -8.880540594
    1.300000000  -93.807045195   -3.221810529
    1.310000000  -93.803469040    2.688736217
    1.320000000  -93.747223576    7.259852233
    1.330000000  -93.658881465    8.922358181
    1.340000000  -93.570543218    7.090564226
    1.350000000  -93.516507813    2.237956863
    1.360000000  -93.520633667   -4.021568899
    1.370000000  -93.585490294   -9.971775527
    1.380000000  -93.701830105  -13.647753848
    1.390000000  -93.840997020  -14.704339871
    1.400000000  -93.978145434  -13.543876568
    1.410000000  -94.097802793  -11.280762702
    1.420000000  -94.195844263   -9.339480416
    1.430000000  -94.278570793   -8.583549116
    1.440000000  -94.359852944   -8.799171209
    1.450000000  -94.447190227   -9.695664183
    1.460000000  -94.543122996  -10.590568464
    1.470000000  -94.647289140  -11.208287390
    1.480000000  -94.756646198  -11.756012256
    1.490000000  -94.872628154  -12.488886482
    1.500000000  -94.997458691  -13.545631845
    1.510000000  -95.134177217  -14.702835613
    1.520000000  -95.280384159  -15.326464740
    1.530000000  -95.428098456  -15.022079821
    1.540000000  -95.567313953  -13.610380141
    1.550000000  -95.686567735  -11.344496241
    1.560000000  -95.781643786   -8.628293018
    1.570000000  -95.849699460   -5.966544205
    1.580000000  -95.892455663   -3.849022083
    1.590000000  -95.918187993   -2.274936913
    1.600000000  -95.931288535   -1.353046277
    1.610000000  -95.938242972   -1.128721819
    1.620000000  -95.946109555   -1.588841901
    1.630000000  -95.962562821   -3.059402183
    1.640000000  -95.998401477   -5.475324145
    1.650000000  -96.065109269   -8.766422475
    1.660000000  -96.166491182  -12.531606838
    1.670000000  -96.303288423  -15.763226058
    1.680000000  -96.466545963  -17.664283805
    1.690000000  -96.639319349  -17.575564407
    1.700000000  -96.800484369  -15.387645866
    1.710000000  -96.931588389  -11.699991773
    1.720000000  -97.022073234   -7.427913451
    1.730000000  -97.070823377   -3.504078133
    1.740000000  -97.084501582   -0.447858256
    1.750000000  -97.073713144    1.414072556
    1.760000000  -97.050201570    1.919057422
    1.770000000  -97.027804456    1.386271600
    1.780000000  -97.015868240   -0.283960628
    1.790000000  -97.025459035   -2.837747424
    1.800000000  -97.062847842   -5.796924445
    1.810000000  -97.129097153   -8.294486532
    1.820000000  -97.214334816   -9.519789041
    1.830000000  -97.301944855   -8.691814276
    1.840000000  -97.371282761   -5.834347079
    1.850000000  -97.403202214   -1.525824899
    1.860000000  -97.390038898    3.080622282
    1.870000000  -97.333353451    6.757880441
    1.880000000  -97.248758369    8.782345971
    1.890000000  -97.154071303    8.958634993
    1.900000000  -97.065471444    7.474637198
    1.910000000  -96.995753617    5.336814864
    1.920000000  -96.947054331    3.271982496
    1.930000000  -96.916059986    1.964616516
    1.940000000  -96.893498971    1.594372470
    1.950000000  -96.869840710    2.391430974
    1.960000000  -96.832260829    4.072055567
    1.970000000  -96.773116155    6.882043276
    1.980000000  -96.681885904   10.601079291
    1.990000000  -96.550157085   14.630695660
    2.000000000  -96.377517400   18.528871716
    2.010000000  -96.170962528   21.497870813
    2.020000000  -95.942606597   22.762974713
    2.030000000  -95.711592348   22.021667032
    2.040000000  -95.497177354   19.493430636
    2.050000000  -95.313947604   16.004998791
    2.060000000  -95.165526862   12.793183958
    2.070000000  -95.043698974   10.786400001
    2.080000000  -94.931786078   10.790348361
    2.090000000  -94.808836717   12.967779157
    2.100000000  -94.654969106   16.929065124
    2.110000000  -94.455080945   22.032940973
    2.120000000  -94.201723407   27.595042123
    2.130000000  -93.893396052   32.814729752
    2.140000000  -93.536821788   37.188331260
    2.150000000  -93.141382524   40.288685060
    2.160000000  -92.723396300   42.091143288
    2.170000000  -92.293038577   42.626282217
    2.180000000  -91.860980797   42.595370304
    2.190000000  -91.429584659   42.598792622
    2.200000000  -90.995011092   43.447810602
    2.210000000  -90.545512394   45.499758274
    2.220000000  -90.068704497   48.835737807
    2.230000000  -89.553995733   53.046170278
    2.240000000  -88.995323041   57.566597812
    2.250000000  -88.393154714   61.546058351
    2.260000000  -87.755854777   64.617934967
    2.270000000  -87.094287699   66.319320950
    2.280000000  -86.421480369   66.801291107
    2.290000000  -85.749907369   66.212799590
    2.300000000  -85.087247491   64.973543400
    2.310000000  -84.437895269   63.790050515
    2.320000000  -83.797663791   63.128341323
    2.330000000  -83.159288162   63.616008396
    2.340000000  -82.509858561   65.576098602
    2.350000000  -81.833799534   69.045076577
    2.360000000  -81.114945396   73.829059642
    2.370000000  -80.343323789   79.569393010
    2.380000000  -79.511993219   85.428848088
    2.390000000  -78.625866614   90.195659519
    2.400000000  -77.703411980   92.248400752
    2.410000000  -76.780411492   89.904051076
    2.420000000  -75.907672117   82.241544930
    2.430000000  -75.137243620   69.572980846
    2.440000000  -74.507207686   54.913575473
    2.450000000  -74.010571514   44.321321610
    2.460000000  -73.564777417   46.491777110
    2.470000000  -72.991461174   71.066743484
    2.480000000  -72.024652219  126.289290039
    2.490000000  -70.338281957  215.015641069
    2.500000000  -67.613703154  332.392144105
    2.510000000  -63.622759689  465.456552786
    2.520000000  -58.301131915  595.142875399
    2.530000000  -51.787486782  700.425260191
    2.540000000  -44.418317724  763.871454875
    2.550000000  -36.668616048  775.948639433
    2.560000000  -29.057807615  736.823646128
    2.570000000  -22.057687904  656.026030887
    2.580000000  -16.011352276  548.785311568
    2.590000000  -11.099432768  432.149499427
    2.600000000   -7.338414630  320.605162889
    2.610000000   -4.622757156  224.303384645
    2.620000000   -2.772364011  148.111813151
    2.630000000   -1.580824003   92.270877084
    2.640000000   -0.855475034   54.168173309
    2.650000000   -0.437958146   29.877265603
    2.660000000   -0.209998848   15.308776698
    2.670000000   -0.093561722    7.236563939
    2.680000000   -0.037313247    3.029447655
    2.690000000   -0.012648763    1.067107419
    2.700000000   -0.003445980    0.299753155
    2.710000000   -0.000780020    0.070523093
    2.720000000   -0.000050779    0.004758022
    2.730000000   -0.000000000   -0.000000000
    2.740000000   -0.000000000   -0.000000000
    2.750000000   -0.000000000   -0.000000000
    2.760000000   -0.000000000   -0.000000000
    2.770000000   -0.000000000   -0.000000000
    2.780000000   -0.000000000   -0.000000000
    2.790000000   -0.000000000   -0.000000000
    2.800000000   -0.000000000   -0.000000000
    2.810000000   -0.000000000   -0.000000000
    2.820000000   -0.000000000   -0.000000000
    2.830000000   -0.000000000   -0.000000000
    2.840000000   -0.000000000   -0.000000000
    2.850000000   -0.000000000   -0.000000000
    2.860000000   -0.000000000   -0.000000000
    2.870000000   -0.000000000   -0.000000000
    2.880000000   -0.000000000   -0.000000000
    2.890000000   -0.000000000   -0.000000000
    2.900000000   -0.000000000   -0.000000000
    2.910000000   -0.000000000   -0.000000000
    2.920000000   -0.000000000   -0.000000000
    2.930000000   -0.000000000   -0.000000000
    2.940000000   -0.000000000   -0.000000000
    2.950000000   -0.000000000   -0.000000000
    2.960000000   -0.000000000   -0.000000000
    2.970000000   -0.000000000   -0.000000000
    2.980000000   -0.000000000   -0.000000000
    2.990000000   -0.000000000   -0.000000000
    3.000000000   -0.000000000   -0.000000000
