#! FIELDS cv1 file.free der_cv1
#! SET min_cv1 0
#! SET max_cv1 3.0
#! SET nbins_cv1  301
#! SET periodic_cv1 false
    0.000000000  -16.126578641 -443.175461871
    0.010000000  -20.789518606 -485.070001405
    0.020000000  -25.745275708 -500.910348687
    0.030000000  -30.716563738 -488.279293141
    0.040000000  -35.428495715 -449.893360473
    0.050000000  -39.655272257 -392.732436857
    0.060000000  -43.256134090 -326.269737026
    0.070000000  -46.185756294 -259.926130079
    0.080000000  -48.484430338 -201.138355669
    0.090000000  -50.253118663 -154.407887379
    0.100000000  -51.622274792 -121.236814745
    0.110000000  -52.724727782 -100.777977645
    0.120000000  -53.676401550  -90.664216737
    0.130000000  -54.566765893  -87.880070147
    0.140000000  -55.451563409  -89.052009878
    0.150000000  -56.354837326  -91.098486479
    0.160000000  -57.272798325  -91.659882236
    0.170000000  -58.181157383  -89.268888933
    0.180000000  -59.047413271  -83.568546663
    0.190000000  -59.842210475  -75.333963925
    0.200000000  -60.544975160  -65.821324160
    0.210000000  -61.152856967  -56.458625293
    0.220000000  -61.675159858  -48.792662766
    0.230000000  -62.133850781  -43.835458714
    0.240000000  -62.558771071  -42.023831944
    0.250000000  -62.980818488  -43.375369674
    0.260000000  -63.428773436  -46.882236952
    0.270000000  -63.916195912  -51.236687097
    0.280000000  -64.445982051  -54.786829388
    0.290000000  -64.999877211  -56.082123648
    0.300000000  -65.552117929  -54.102722051
    0.310000000  -66.067992450  -48.969185778
    0.320000000  -66.519714473  -41.772592711
    0.330000000  -66.895242952  -34.190780604
    0.340000000  -67.201347773  -28.076803778
    0.350000000  -67.462099576  -25.153597301
    0.360000000  -67.711816832  -26.042909608
    0.370000000  -67.988140788  -30.353422066
    0.380000000  -68.319197490  -36.817115567
    0.390000000  -68.719998746  -43.776461729
    0.400000000  -69.186657521  -49.810648460
    0.410000000  -69.701844970  -53.420652181
    0.420000000  -70.237561829  -53.761016569
    0.430000000  -70.758824327  -50.382846256
    0.440000000  -71.227657609  -43.575814310
    0.450000000  -71.615152280  -34.201364695
    0.460000000  -71.903220327  -23.986974625
    0.470000000  -72.092543801  -15.123847119
    0.480000000  -72.206721621   -9.202009887
    0.490000000  -72.282722598   -7.411741017
    0.500000000  -72.361950237   -9.834045199
    0.510000000  -72.482460988  -15.139269547
    0.520000000  -72.663802883  -21.743729505
    0.530000000  -72.908421356  -27.616441598
    0.540000000  -73.201025091  -31.187035283
    0.550000000  -73.514496533  -31.635450646
    0.560000000  -73.817701561  -29.346253326
    0.570000000  -74.087016432  -25.103337156
    0.580000000  -74.310496465  -20.201090658
    0.590000000  -74.487930059  -16.460587097
    0.600000000  -74.639297573  -14.897715592
    0.610000000  -74.788096332  -16.285920000
    0.620000000  -74.963380294  -20.046418270
    0.630000000  -75.185161444  -25.138663619
    0.640000000  -75.457841999  -29.819216467
    0.650000000  -75.767927678  -32.307812233
    0.660000000  -76.085978358  -31.493118929
    0.670000000  -76.378073297  -27.090203486
    0.680000000  -76.612405528  -20.183994346
    0.690000000  -76.772236994  -12.616943711
    0.700000000  -76.861684347   -6.478241272
    0.710000000  -76.903760054   -3.539901460
    0.720000000  -76.937187361   -4.311338569
    0.730000000  -76.995975927   -8.764641577
    0.740000000  -77.110781608  -15.317532548
    0.750000000  -77.294514539  -22.047360825
    0.760000000  -77.539469728  -27.272648155
    0.770000000  -77.823131802  -29.704943175
    0.780000000  -78.114599531  -28.974489298
    0.790000000  -78.385821835  -25.551463222
    0.800000000  -78.614391652  -20.834599871
    0.810000000  -78.794910208  -16.142441288
    0.820000000  -78.934652927  -12.785242223
    0.830000000  -79.049963547  -11.492805279
    0.840000000  -79.162361819  -12.269082701
    0.850000000  -79.290983894  -14.466690937
    0.860000000  -79.445610940  -17.111854857
    0.870000000  -79.624624271  -19.383926021
    0.880000000  -79.821069176  -20.581888943
    0.890000000  -80.024061679  -20.554780093
    0.900000000  -80.222765611  -19.839209693
    0.910000000  -80.412068351  -19.012459361
    0.920000000  -80.594438786  -18.408300639
    0.930000000  -80.774444455  -18.210042403
    0.940000000  -80.951767937  -18.163222801
    0.950000000  -81.126751496  -17.618497614
    0.960000000  -81.292042649  -16.082784600
    0.970000000  -81.436389304  -13.449767962
    0.980000000  -81.549206080   -9.912725615
    0.990000000  -81.624812268   -6.113751478
    1.000000000  -81.665606058   -3.040010248
    1.010000000  -81.681961415   -1.301357259
    1.020000000  -81.690005362   -1.460688584
    1.030000000  -81.708799724   -3.434506222
    1.040000000  -81.754891491   -6.767903849
    1.050000000  -81.836589553  -10.459322744
    1.060000000  -81.953446734  -13.569307620
    1.070000000  -82.093384903  -15.102178639
    1.080000000  -82.239631798  -14.635863813
    1.090000000  -82.372400607  -12.381213401
    1.100000000  -82.475390440   -8.997764954
    1.110000000  -82.542200903   -5.382437914
    1.120000000  -82.577014658   -2.551099776
    1.130000000  -82.589156410   -1.089600586
    1.140000000  -82.595053237   -1.118847923
    1.150000000  -82.607357345   -2.293316189
    1.160000000  -82.633426146   -3.838654429
    1.170000000  -82.672946162   -4.806768564
    1.180000000  -82.716371965   -4.469867533
    1.190000000  -82.748270047   -2.595067273
    1.200000000  -82.755565933    0.465400890
    1.210000000  -82.729695891    3.736678223
    1.220000000  -82.674669907    6.045738992
    1.230000000  -82.606529216    6.434871394
    1.240000000  -82.545830562    4.333527073
    1.250000000  -82.516154081    0.566716532
    1.260000000  -82.528060841   -3.783860928
    1.270000000  -82.579792710   -7.179793938
    1.280000000  -82.653886544   -8.285710503
    1.290000000  -82.726124387   -6.606428803
    1.300000000  -82.770935306   -2.903325391
    1.310000000  -82.773935054    1.235841039
    1.320000000  -82.740913684    4.181184075
    1.330000000  -82.691115853    4.432240813
    1.340000000  -82.653910854    1.545322779
    1.350000000  -82.658967947   -3.850598649
    1.360000000  -82.724524305  -10.046084920
    1.370000000  -82.847535265  -15.411805929
    1.380000000  -83.014490539  -18.190574072
    1.390000000  -83.194560412  -18.270008345
    1.400000000  -83.363321178  -16.163427417
    1.410000000  -83.505215142  -12.973872010
    1.420000000  -83.615572833   -9.919892186
    1.430000000  -83.697783794   -7.684495179
    1.440000000  -83.761356312   -5.943073168
    1.450000000  -83.809133202   -4.514003056
    1.460000000  -83.841604910   -2.986956966
    1.470000000  -83.859543485   -1.534797628
    1.480000000  -83.865419162   -0.718118809
    1.490000000  -83.868699501   -1.082627593
    1.500000000  -83.882499844   -2.777612415
    1.510000000  -83.919355401   -5.508379431
    1.520000000  -83.984574956   -8.323231269
    1.530000000  -84.074595038  -10.378903466
    1.540000000  -84.178677691  -11.028768570
    1.550000000  -84.280119449  -10.141958472
    1.560000000  -84.366700769   -7.801631515
    1.570000000  -84.424562342   -4.518060866
    1.580000000  -84.446889355   -0.992828532
    1.590000000  -84.435965148    2.330856549
    1.600000000  -84.395551854    4.768952727
    1.610000000  -84.336535472    5.875008354
    1.620000000  -84.273951096    5.416339175
    1.630000000  -84.224533553    3.137228602
    1.640000000  -84.205726724   -0.632982511
    1.650000000  -84.231993450   -5.410617213
    1.660000000  -84.306706290  -10.372065795
    1.670000000  -84.426483063  -14.319657062
    1.680000000  -84.577716991  -16.518393537
    1.690000000  -84.740198543  -16.522558140
    1.700000000  -84.892526778  -14.549495449
    1.710000000  -85.018620226  -11.499646157
    1.720000000  -85.112746050   -8.330286804
    1.730000000  -85.178091104   -5.853412757
    1.740000000  -85.223650018   -4.327268785
    1.750000000  -85.258848721   -3.722038619
    1.760000000  -85.291381923   -3.904433899
    1.770000000  -85.328503754   -4.445562316
    1.780000000  -85.373056333   -5.586125286
    1.790000000  -85.432209325   -7.298162566
    1.800000000  -85.510853572   -9.456759156
    1.810000000  -85.611808445  -11.499647482
    1.820000000  -85.729182846  -12.702546795
    1.830000000  -85.850319670  -12.136513618
    1.840000000  -85.955987078   -9.522465266
    1.850000000  -86.025462250   -5.081726612
    1.860000000  -86.045301436    0.288403682
    1.870000000  -86.010117720    5.495132299
    1.880000000  -85.928279807    9.767179189
    1.890000000  -85.811213682   12.594011645
    1.900000000  -85.673547106   13.774812221
    1.910000000  -85.530266534   13.735606838
    1.920000000  -85.391438609   12.846406058
    1.930000000  -85.264447809   11.525829802
    1.940000000  -85.151720506   10.006748621
    1.950000000  -85.053795480    8.814765166
    1.960000000  -84.964236770    8.154657298
    1.970000000  -84.876369611    8.754722684
    1.980000000  -84.776306326   10.732261319
    1.990000000  -84.649890099   13.648436171
    2.000000000  -84.490601109   17.051204621
    2.010000000  -84.300047942   19.958841278
    2.020000000  -84.086885150   21.382888583
    2.030000000  -83.869345272   20.842250762
    2.040000000  -83.666688539   18.448967023
    2.050000000  -83.494170623   14.967277671
    2.060000000  -83.356854350   11.714508968
    2.070000000  -83.246495540    9.686135711
    2.080000000  -83.146036365    9.779112408
    2.090000000  -83.033019931   12.139534570
    2.100000000  -82.887070313   16.348472408
    2.110000000  -82.692822611   21.614715981
    2.120000000  -82.444465554   27.089549808
    2.130000000  -82.143695026   31.884392920
    2.140000000  -81.800493263   35.490159282
    2.150000000  -81.427670579   37.582769377
    2.160000000  -81.042859751   38.307615532
    2.170000000  -80.655974769   37.934365594
    2.180000000  -80.274909115   37.282848238
    2.190000000  -79.898549081   37.072643413
    2.200000000  -79.519454410   38.114732115
    2.210000000  -79.121935874   40.638185664
    2.220000000  -78.691600953   44.513969248
    2.230000000  -78.218382050   49.163942264
    2.240000000  -77.698523165   53.741618107
    2.250000000  -77.137108581   57.248040864
    2.260000000  -76.548240788   59.301110460
    2.270000000  -75.947159273   59.594443641
    2.280000000  -75.349669065   58.638155156
    2.290000000  -74.766165915   57.002053418
    2.300000000  -74.198448695   55.504796962
    2.310000000  -73.641545708   55.104586008
    2.320000000  -73.080774434   56.239083929
    2.330000000  -72.499801976   59.248040762
    2.340000000  -71.880760152   63.930815068
    2.350000000  -71.209429306   69.727193592
    2.360000000  -70.476659531   75.859330320
    2.370000000  -69.683479694   81.697459013
    2.380000000  -68.835863932   86.447442678
    2.390000000  -67.948841800   89.375079637
    2.400000000  -67.044880164   89.640248363
    2.410000000  -66.153977182   86.534839979
    2.420000000  -65.311850135   80.093336031
    2.430000000  -64.547062171   71.263458975
    2.440000000  -63.870529959   63.101696892
    2.450000000  -63.252137594   60.883832332
    2.460000000  -62.598542227   71.479137384
    2.470000000  -61.743541415  101.907171124
    2.480000000  -60.462138534  157.414666372
    2.490000000  -58.497421066  238.201227848
    2.500000000  -55.621096503  338.135548377
    2.510000000  -51.698403204  444.936679260
    2.520000000  -46.740594223  542.452519961
    2.530000000  -40.923213223  614.284466423
    2.540000000  -34.569054541  648.344602532
    2.550000000  -28.087729688  639.740939757
    2.560000000  -21.895579259  591.542226979
    2.570000000  -16.343915165  513.708473503
    2.580000000  -11.663230243  419.664726204
    2.590000000   -7.947468486  323.015336249
    2.600000000   -5.164910534  234.405060623
    2.610000000   -3.198489763  160.519727309
    2.620000000   -1.886175256  103.815972672
    2.630000000   -1.057632246   63.362551368
    2.640000000   -0.562855674   36.450528737
    2.650000000   -0.283274377   19.696074073
    2.660000000   -0.133026224    9.843362327
    2.670000000   -0.057507922    4.490252357
    2.680000000   -0.022192553    1.810077262
    2.690000000   -0.007150432    0.602114272
    2.700000000   -0.001987476    0.172617676
    2.710000000   -0.000440103    0.039683121
    2.720000000   -0.000000000   -0.000000000
    2.730000000   -0.000000000   -0.000000000
    2.740000000   -0.000000000   -0.000000000
    2.750000000   -0.000000000   -0.000000000
    2.760000000   -0.000000000   -0.000000000
    2.770000000   -0.000000000   -0.000000000
    2.780000000   -0.000000000   -0.000000000
    2.790000000   -0.000000000   -0.000000000
    2.800000000   -0.000000000   -0.000000000
    2.810000000   -0.000000000   -0.000000000
    2.820000000   -0.000000000   -0.000000000
    2.830000000   -0.000000000   -0.000000000
    2.840000000   -0.000000000   -0.000000000
    2.850000000   -0.000000000   -0.000000000
    2.860000000   -0.000000000   -0.000000000
    2.870000000   -0.000000000   -0.000000000
    2.880000000   -0.000000000   -0.000000000
    2.890000000   -0.000000000   -0.000000000
    2.900000000   -0.000000000   -0.000000000
    2.910000000   -0.000000000   -0.000000000
    2.920000000   -0.000000000   -0.000000000
    2.930000000   -0.000000000   -0.000000000
    2.940000000   -0.000000000   -0.000000000
    2.950000000   -0.000000000   -0.000000000
    2.960000000   -0.000000000   -0.000000000
    2.970000000   -0.000000000   -0.000000000
    2.980000000   -0.000000000   -0.000000000
    2.990000000   -0.000000000   -0.000000000
    3.000000000   -0.000000000   -0.000000000
