#! FIELDS cv1 file.free der_cv1
#! SET min_cv1 0
#! SET max_cv1 3.0
#! SET nbins_cv1  301
#! SET periodic_cv1 false
    0.000000000  -25.484114532 -634.663659257
    0.010000000  -32.015591693 -664.568252826
    0.020000000  -38.644717709 -653.794641348
    0.030000000  -44.966075672 -604.012238615
    0.040000000  -50.628387875 -523.970202403
    0.050000000  -55.393579314 -427.050718655
    0.060000000  -59.167066243 -327.833901077
    0.070000000  -61.989085816 -238.489570647
    0.080000000  -64.001422694 -166.795875009
    0.090000000  -65.399005513 -115.652205443
    0.100000000  -66.384998455  -84.033339377
    0.110000000  -67.138881347  -68.542860578
    0.120000000  -67.800025658  -64.816563317
    0.130000000  -68.465762135  -68.648281962
    0.140000000  -69.190360270  -76.064350238
    0.150000000  -69.993268120  -83.818293854
    0.160000000  -70.864587575  -89.554826748
    0.170000000  -71.773936827  -91.866391614
    0.180000000  -72.685030505  -90.139666665
    0.190000000  -73.560667169  -85.188378739
    0.200000000  -74.373669178  -78.083258108
    0.210000000  -75.111655836  -70.297749414
    0.220000000  -75.775360171  -63.240372449
    0.230000000  -76.377122197  -57.941185267
    0.240000000  -76.936433051  -54.823541357
    0.250000000  -77.475715564  -53.968160649
    0.260000000  -78.014995875  -54.668862817
    0.270000000  -78.563872219  -55.860653018
    0.280000000  -79.123575468  -56.348347072
    0.290000000  -79.679182600  -55.161601653
    0.300000000  -80.212583450  -51.586619243
    0.310000000  -80.699195542  -45.877570155
    0.320000000  -81.120636286  -39.084938700
    0.330000000  -81.472985138  -32.486008319
    0.340000000  -81.766462210  -27.368642606
    0.350000000  -82.022621168  -24.937411285
    0.360000000  -82.268371768  -25.424735660
    0.370000000  -82.531268854  -28.295056040
    0.380000000  -82.829244488  -32.249684533
    0.390000000  -83.168265524  -36.115054788
    0.400000000  -83.541185198  -38.917105425
    0.410000000  -83.932414778  -39.787983125
    0.420000000  -84.321371216  -38.411142564
    0.430000000  -84.685157964  -34.654252535
    0.440000000  -85.000013980  -28.986657888
    0.450000000  -85.252129767  -22.058386597
    0.460000000  -85.434957348  -15.325185154
    0.470000000  -85.556687974  -10.449701859
    0.480000000  -85.643502456   -8.534865621
    0.490000000  -85.730201321  -10.278118357
    0.500000000  -85.851827532  -15.492422906
    0.510000000  -86.038711143  -22.747106171
    0.520000000  -86.302028987  -30.595585928
    0.530000000  -86.638562105  -37.226412049
    0.540000000  -87.029026956  -41.328429642
    0.550000000  -87.444822051  -42.050212856
    0.560000000  -87.851546712  -39.730766754
    0.570000000  -88.221467233  -34.869425231
    0.580000000  -88.535155240  -28.483092423
    0.590000000  -88.783209084  -22.286320468
    0.600000000  -88.976760891  -17.576364513
    0.610000000  -89.134805114  -15.634536658
    0.620000000  -89.288393169  -16.611871508
    0.630000000  -89.466064190  -20.146137218
    0.640000000  -89.686798431  -24.830680646
    0.650000000  -89.952704497  -28.807599670
    0.660000000  -90.247174403  -30.537451670
    0.670000000  -90.543338013  -29.027828560
    0.680000000  -90.809126314  -24.625454447
    0.690000000  -91.021393864  -18.550764071
    0.700000000  -91.171860217  -12.706496520
    0.710000000  -91.271769552   -8.803508614
    0.720000000  -91.348274501   -7.727363936
    0.730000000  -91.428940125   -9.864952430
    0.740000000  -91.542347513  -14.101741359
    0.750000000  -91.703432141  -19.000863461
    0.760000000  -91.910847683  -23.132895758
    0.770000000  -92.150190469  -25.357377158
    0.780000000  -92.399773540  -25.223984974
    0.790000000  -92.638493003  -23.036988483
    0.800000000  -92.848924814  -19.857314952
    0.810000000  -93.026482055  -16.615786070
    0.820000000  -93.175430147  -14.232183040
    0.830000000  -93.306177566  -13.104295259
    0.840000000  -93.431164213  -13.159513252
    0.850000000  -93.560626719  -13.814672243
    0.860000000  -93.697463872  -14.303327337
    0.870000000  -93.835775578  -14.196750228
    0.880000000  -93.968184805  -13.221273694
    0.890000000  -94.088356075  -11.659723166
    0.900000000  -94.193413242  -10.347950376
    0.910000000  -94.288981017  -10.115422196
    0.920000000  -94.389544301  -11.244379862
    0.930000000  -94.509874478  -13.730901681
    0.940000000  -94.657115248  -16.848356302
    0.950000000  -94.834218112  -19.487881781
    0.960000000  -95.031438257  -20.635306515
    0.970000000  -95.231102982  -19.941681272
    0.980000000  -95.413614524  -17.382085804
    0.990000000  -95.564171665  -13.652535324
    1.000000000  -95.676590971   -9.884503480
    1.010000000  -95.754677177   -6.892857604
    1.020000000  -95.810274622   -5.506382675
    1.030000000  -95.860806480   -5.870679784
    1.040000000  -95.922607361   -7.701543856
    1.050000000  -96.005990999  -10.062204953
    1.060000000  -96.112377456  -12.065548379
    1.070000000  -96.232017212  -12.696523792
    1.080000000  -96.349810621  -11.500262051
    1.090000000  -96.447652300   -8.700424517
    1.100000000  -96.510999213   -4.918027798
    1.110000000  -96.535151135   -1.099099039
    1.120000000  -96.526198788    1.748002096
    1.130000000  -96.495401905    3.000696809
    1.140000000  -96.461629061    2.537248307
    1.150000000  -96.439828806    0.648023126
    1.160000000  -96.440251242   -1.870423235
    1.170000000  -96.465432554   -4.092815346
    1.180000000  -96.508166337   -5.225837420
    1.190000000  -96.554642940   -4.908350426
    1.200000000  -96.591460136   -3.276427204
    1.210000000  -96.607743825   -0.995710711
    1.220000000  -96.601715505    0.935618298
    1.230000000  -96.582880435    1.684786088
    1.240000000  -96.563948535    0.648414177
    1.250000000  -96.562971069   -1.562195655
    1.260000000  -96.586865415   -4.214193702
    1.270000000  -96.634443130   -6.075443626
    1.280000000  -96.690537256   -6.095847726
    1.290000000  -96.736392598   -3.683877756
    1.300000000  -96.749300120    0.343399364
    1.310000000  -96.718158695    4.573218545
    1.320000000  -96.651291295    7.481739949
    1.330000000  -96.568770145    7.532209012
    1.340000000  -96.501694204    4.202549168
    1.350000000  -96.482687982   -1.892865474
    1.360000000  -96.532522503   -8.999906030
    1.370000000  -96.649081664  -15.293304103
    1.380000000  -96.817743599  -18.745975847
    1.390000000  -97.004367739  -19.052120345
    1.400000000  -97.179498752  -16.787450008
    1.410000000  -97.325261236  -13.273771499
    1.420000000  -97.437046278  -10.176203572
    1.430000000  -97.523184649   -8.505423968
    1.440000000  -97.600306959   -8.112326419
    1.450000000  -97.678785774   -8.688995324
    1.460000000  -97.763584995   -9.432322977
    1.470000000  -97.855637107   -9.969074135
    1.480000000  -97.952226839  -10.467125418
    1.490000000  -98.054929879  -11.182577727
    1.500000000  -98.166686445  -12.266373329
    1.510000000  -98.291020302  -13.555871918
    1.520000000  -98.426642478  -14.404540960
    1.530000000  -98.566515779  -14.396932097
    1.540000000  -98.700777383  -13.291546585
    1.550000000  -98.817842458  -11.246493428
    1.560000000  -98.912312075   -8.613141943
    1.570000000  -98.979853121   -5.870574436
    1.580000000  -99.020316588   -3.536091841
    1.590000000  -99.041222490   -1.646328960
    1.600000000  -99.046522920   -0.449271357
    1.610000000  -99.043579412   -0.122212011
    1.620000000  -99.041749873   -0.758010719
    1.630000000  -99.051744763   -2.694228573
    1.640000000  -99.087070168   -5.807787511
    1.650000000  -99.161009011   -9.913201023
    1.660000000  -99.277527767  -14.411821219
    1.670000000  -99.435665872  -18.128912883
    1.680000000  -99.623192319  -20.117615410
    1.690000000  -99.818901800  -19.654511177
    1.700000000  -99.996860970  -16.623720612
    1.710000000 -100.134424044  -11.740433260
    1.720000000 -100.218213674   -6.068081754
    1.730000000 -100.246322899   -0.788366117
    1.740000000 -100.227169036    3.298504511
    1.750000000 -100.175942535    5.595414322
    1.760000000 -100.111429456    5.747830002
    1.770000000 -100.055684834    4.073113100
    1.780000000 -100.025357671    0.600518597
    1.790000000 -100.036586238   -4.101835196
    1.800000000 -100.097182071   -9.158675150
    1.810000000 -100.205672233  -13.323200826
    1.820000000 -100.346473272  -15.504067895
    1.830000000 -100.495097024  -14.804021608
    1.840000000 -100.622791172  -11.321121280
    1.850000000 -100.703731712   -5.790212570
    1.860000000 -100.725561774    0.338504076
    1.870000000 -100.688357613    5.564191931
    1.880000000 -100.608559787    8.911009979
    1.890000000 -100.507238208   10.056049525
    1.900000000 -100.404290410    9.136884713
    1.910000000 -100.316442261    7.198922705
    1.920000000 -100.249289344    5.044464384
    1.930000000 -100.201841939    3.431464283
    1.940000000 -100.166519576    2.640546743
    1.950000000 -100.134664062    2.978290237
    1.960000000 -100.093173083    4.238655568
    1.970000000 -100.033720546    6.764960948
    1.980000000  -99.944084360   10.395403932
    1.990000000  -99.813889359   14.534258755
    2.000000000  -99.640760557   18.671111227
    2.010000000  -99.431234483   21.925556131
    2.020000000  -99.197204788   23.397042209
    2.030000000  -98.959133867   22.757367531
    2.040000000  -98.736907458   20.262488887
    2.050000000  -98.545421906   16.865702751
    2.060000000  -98.387135540   13.940207486
    2.070000000  -98.251071388   12.491727007
    2.080000000  -98.117916935   13.343689547
    2.090000000  -97.964248597   16.520554707
    2.100000000  -97.769754717   21.419740032
    2.110000000  -97.521353890   27.138295328
    2.120000000  -97.215906664   32.784716450
    2.130000000  -96.857743016   37.447228986
    2.140000000  -96.459883187   40.705123833
    2.150000000  -96.036327747   42.294427797
    2.160000000  -95.606236269   42.473555242
    2.170000000  -95.179475847   41.531529893
    2.180000000  -94.764133820   40.391110655
    2.190000000  -94.358305042   39.754145986
    2.200000000  -93.953183306   40.426651192
    2.210000000  -93.533061011   42.652412885
    2.220000000  -93.083019718   46.320690414
    2.230000000  -92.591814679   50.782090034
    2.240000000  -92.055178135   55.312645863
    2.250000000  -91.476717537   58.977971702
    2.260000000  -90.867850569   61.409998714
    2.270000000  -90.242292467   62.298652455
    2.280000000  -89.613549987   61.989162562
    2.290000000  -88.992962969   60.883578913
    2.300000000  -88.384272172   59.567783083
    2.310000000  -87.787099225   58.843297971
    2.320000000  -87.191841531   59.112283405
    2.330000000  -86.587514461   60.824000439
    2.340000000  -85.959459650   64.015652592
    2.350000000  -85.293631688   68.460709188
    2.360000000  -84.577688598   73.734160501
    2.370000000  -83.806759178   79.414864889
    2.380000000  -82.979154884   84.782225461
    2.390000000  -82.102621170   88.881928914
    2.400000000  -81.195897262   90.418924995
    2.410000000  -80.292111000   87.928622214
    2.420000000  -79.437871368   80.546183021
    2.430000000  -78.681432851   68.440671398
    2.440000000  -78.059470804   54.316149190
    2.450000000  -77.567099361   43.930507133
    2.460000000  -77.126002068   45.815442434
    2.470000000  -76.562067242   69.786269197
    2.480000000  -75.610013792  124.651130572
    2.490000000  -73.937408854  214.083591963
    2.500000000  -71.210772962  334.013758901
    2.510000000  -67.180972766  471.940241101
    2.520000000  -61.760815539  608.611150619
    2.530000000  -55.071396809  722.162720427
    2.540000000  -47.442768072  793.836246958
    2.550000000  -39.357711719  812.642867742
    2.560000000  -31.356776862  777.570659706
    2.570000000  -23.942066557  697.594631200
    2.580000000  -17.488837243  588.049785784
    2.590000000  -12.205955277  466.701716395
    2.600000000   -8.128907679  349.032521899
    2.610000000   -5.161080038  246.249002570
    2.620000000   -3.121616085  164.047004558
    2.630000000   -1.796618292  103.177334071
    2.640000000   -0.982266551   61.200231740
    2.650000000   -0.508804753   34.157488592
    2.660000000   -0.247607387   17.768065950
    2.670000000   -0.112284429    8.548902467
    2.680000000   -0.046128362    3.688949269
    2.690000000   -0.016327991    1.356058087
    2.700000000   -0.004747445    0.405417101
    2.710000000   -0.001265838    0.112207686
    2.720000000   -0.000205300    0.018694885
    2.730000000   -0.000000000   -0.000000000
    2.740000000   -0.000000000   -0.000000000
    2.750000000   -0.000000000   -0.000000000
    2.760000000   -0.000000000   -0.000000000
    2.770000000   -0.000000000   -0.000000000
    2.780000000   -0.000000000   -0.000000000
    2.790000000   -0.000000000   -0.000000000
    2.800000000   -0.000000000   -0.000000000
    2.810000000   -0.000000000   -0.000000000
    2.820000000   -0.000000000   -0.000000000
    2.830000000   -0.000000000   -0.000000000
    2.840000000   -0.000000000   -0.000000000
    2.850000000   -0.000000000   -0.000000000
    2.860000000   -0.000000000   -0.000000000
    2.870000000   -0.000000000   -0.000000000
    2.880000000   -0.000000000   -0.000000000
    2.890000000   -0.000000000   -0.000000000
    2.900000000   -0.000000000   -0.000000000
    2.910000000   -0.000000000   -0.000000000
    2.920000000   -0.000000000   -0.000000000
    2.930000000   -0.000000000   -0.000000000
    2.940000000   -0.000000000   -0.000000000
    2.950000000   -0.000000000   -0.000000000
    2.960000000   -0.000000000   -0.000000000
    2.970000000   -0.000000000   -0.000000000
    2.980000000   -0.000000000   -0.000000000
    2.990000000   -0.000000000   -0.000000000
    3.000000000   -0.000000000   -0.000000000
