#! FIELDS cv1 file.free der_cv1
#! SET min_cv1 0
#! SET max_cv1 3.0
#! SET nbins_cv1  301
#! SET periodic_cv1 false
    0.000000000   -1.058398093  -38.370026416
    0.010000000   -1.492043903  -48.295825717
    0.020000000   -2.025106655  -58.049898839
    0.030000000   -2.650567220  -66.665738338
    0.040000000   -3.352870874  -73.333063839
    0.050000000   -4.109994246  -77.602321006
    0.060000000   -4.898176764  -79.575183146
    0.070000000   -5.696949794  -79.868601327
    0.080000000   -6.494308690  -79.478755323
    0.090000000   -7.288776212  -79.435070818
    0.100000000   -8.087833790  -80.419786156
    0.110000000   -8.901977346  -82.410539967
    0.120000000   -9.738395353  -84.706953578
    0.130000000  -10.594352279  -86.119001558
    0.140000000  -11.455140009  -85.475092912
    0.150000000  -12.295827716  -82.052460825
    0.160000000  -13.088795219  -75.990580645
    0.170000000  -13.811409143  -68.213589816
    0.180000000  -14.453461984  -60.186989078
    0.190000000  -15.020459232  -53.375461485
    0.200000000  -15.529720260  -48.762691287
    0.210000000  -16.004905271  -46.648592516
    0.220000000  -16.470058853  -46.624429029
    0.230000000  -16.942316089  -47.915141746
    0.240000000  -17.430612058  -49.765151113
    0.250000000  -17.937614314  -51.569754377
    0.260000000  -18.461363515  -53.029729528
    0.270000000  -18.997086259  -54.035690441
    0.280000000  -19.540160708  -54.458851370
    0.290000000  -20.083286180  -54.094767886
    0.300000000  -20.618427254  -52.668174328
    0.310000000  -21.132309704  -49.963329322
    0.320000000  -21.612489740  -45.888505949
    0.330000000  -22.045586248  -40.727097394
    0.340000000  -22.423353793  -34.916968500
    0.350000000  -22.743740749  -29.278178589
    0.360000000  -23.011549302  -24.599382490
    0.370000000  -23.240646088  -21.717356467
    0.380000000  -23.451853757  -21.084446384
    0.390000000  -23.670470698  -23.118900334
    0.400000000  -23.922372484  -27.709715504
    0.410000000  -24.229131064  -34.094566743
    0.420000000  -24.603359697  -40.837232275
    0.430000000  -25.040224666  -46.235366462
    0.440000000  -25.516423697  -48.460437994
    0.450000000  -25.994435310  -46.588292836
    0.460000000  -26.433006045  -40.648242450
    0.470000000  -26.796609142  -32.115427172
    0.480000000  -27.070638385  -23.084687777
    0.490000000  -27.262487580  -15.944705245
    0.500000000  -27.399744863  -12.420120114
    0.510000000  -27.522588053  -13.027439540
    0.520000000  -27.670440364  -17.180702151
    0.530000000  -27.871219878  -23.282233991
    0.540000000  -28.133965078  -29.274088449
    0.550000000  -28.447469428  -33.205412519
    0.560000000  -28.785005237  -33.871351619
    0.570000000  -29.110995072  -31.044735468
    0.580000000  -29.394261560  -25.462473054
    0.590000000  -29.615189660  -18.925131209
    0.600000000  -29.775353013  -13.524315531
    0.610000000  -29.892955976  -11.050978982
    0.620000000  -30.003276548  -12.003171098
    0.630000000  -30.140047556  -16.048821786
    0.640000000  -30.327036309  -21.661712494
    0.650000000  -30.569457510  -26.680513212
    0.660000000  -30.850266834  -29.201097247
    0.670000000  -31.138349495  -28.039790377
    0.680000000  -31.396394595  -23.333192610
    0.690000000  -31.594410185  -16.257389032
    0.700000000  -31.717524308   -8.810073560
    0.710000000  -31.772724229   -2.954920932
    0.720000000  -31.784095128   -0.048665447
    0.730000000  -31.783364928   -0.624637468
    0.740000000  -31.802087646   -4.009918884
    0.750000000  -31.863527796   -8.644731065
    0.760000000  -31.971240415  -13.056129869
    0.770000000  -32.115927436  -15.819181155
    0.780000000  -32.277157485  -16.315997573
    0.790000000  -32.432967050  -14.802411839
    0.800000000  -32.566954809  -12.231252536
    0.810000000  -32.674643158   -9.623326842
    0.820000000  -32.760614719   -7.951490321
    0.830000000  -32.835281319   -7.507777183
    0.840000000  -32.910099519   -8.018428593
    0.850000000  -32.992107919   -8.774350220
    0.860000000  -33.081428608   -9.266496178
    0.870000000  -33.173104919   -9.386843431
    0.880000000  -33.265306006   -9.494873407
    0.890000000  -33.361471952  -10.128104551
    0.900000000  -33.469901603  -12.005414669
    0.910000000  -33.603403737  -15.395253171
    0.920000000  -33.776258496  -19.647419888
    0.930000000  -33.993942556  -23.917361782
    0.940000000  -34.248416315  -26.989123477
    0.950000000  -34.522285297  -27.750939710
    0.960000000  -34.789343641  -25.565554787
    0.970000000  -35.020315464  -20.520360868
    0.980000000  -35.189219982  -13.385870797
    0.990000000  -35.281720665   -5.426407058
    1.000000000  -35.296836315    1.873400682
    1.010000000  -35.247210313    7.365099822
    1.020000000  -35.154862070   10.243237966
    1.030000000  -35.047228852   10.472301037
    1.040000000  -34.949195612    8.458698577
    1.050000000  -34.878528808    5.244195472
    1.060000000  -34.842061987    1.776317722
    1.070000000  -34.837156221   -1.016700251
    1.080000000  -34.855486199   -2.795173099
    1.090000000  -34.887138603   -3.656381983
    1.100000000  -34.924333017   -4.116923867
    1.110000000  -34.966017535   -4.689298755
    1.120000000  -35.016379354   -5.784803907
    1.130000000  -35.079876292   -7.508949614
    1.140000000  -35.163386789   -9.532673548
    1.150000000  -35.267320084  -11.580840922
    1.160000000  -35.389665079  -13.170520228
    1.170000000  -35.523851134  -13.955625104
    1.180000000  -35.661515275  -13.717925078
    1.190000000  -35.791274042  -12.547456525
    1.200000000  -35.905958848  -10.639215616
    1.210000000  -35.999912439   -8.527265382
    1.220000000  -36.073439012   -6.714063922
    1.230000000  -36.133301261   -5.649521926
    1.240000000  -36.186593289   -5.597931441
    1.250000000  -36.242194488   -5.869249817
    1.260000000  -36.299498134   -5.819951985
    1.270000000  -36.350899858   -4.558796749
    1.280000000  -36.379712933   -1.376122830
    1.290000000  -36.367821142    3.674848927
    1.300000000  -36.300554008    9.454630745
    1.310000000  -36.178149028   14.260477468
    1.320000000  -36.019535282   16.482241878
    1.330000000  -35.857222948   14.968525004
    1.340000000  -35.729217823    9.749811039
    1.350000000  -35.666226166    2.161948910
    1.360000000  -35.681909582   -5.483798099
    1.370000000  -35.764417779  -11.071755082
    1.380000000  -35.887040696  -13.063935576
    1.390000000  -36.010726847  -11.564964843
    1.400000000  -36.105860994   -7.589475654
    1.410000000  -36.156230340   -2.862067646
    1.420000000  -36.162379726    1.067907435
    1.430000000  -36.136652698    3.297233071
    1.440000000  -36.098168579    3.810042604
    1.450000000  -36.061688569    2.931637205
    1.460000000  -36.038043393    1.191802530
    1.470000000  -36.035089145   -1.156546235
    1.480000000  -36.059142397   -4.131036676
    1.490000000  -36.116083082   -7.799576671
    1.500000000  -36.212757472  -11.855755908
    1.510000000  -36.350808616  -15.933113153
    1.520000000  -36.524953967  -19.083622573
    1.530000000  -36.723498956  -20.602432093
    1.540000000  -36.926490928  -20.080865417
    1.550000000  -37.113018854  -17.482367708
    1.560000000  -37.264845260  -12.952435410
    1.570000000  -37.365306361   -7.283929632
    1.580000000  -37.406213469   -1.469611240
    1.590000000  -37.393004721    3.624012429
    1.600000000  -37.337231074    6.887729656
    1.610000000  -37.260034519    7.733937334
    1.620000000  -37.187145918    5.942076297
    1.630000000  -37.144324871    1.905926795
    1.640000000  -37.149767528   -3.482242140
    1.650000000  -37.211749792   -9.202175865
    1.660000000  -37.327510861  -14.097917294
    1.670000000  -37.483970409  -17.332971413
    1.680000000  -37.663788758  -18.642031944
    1.690000000  -37.846930186  -18.141981660
    1.700000000  -38.017789006  -16.248537761
    1.710000000  -38.165447890  -13.620938676
    1.720000000  -38.284980864  -10.725100371
    1.730000000  -38.375463512   -7.760768541
    1.740000000  -38.436452797   -4.777442469
    1.750000000  -38.467102788   -1.875169387
    1.760000000  -38.469775371    0.755810722
    1.770000000  -38.449499271    2.791545886
    1.780000000  -38.415026878    3.487463066
    1.790000000  -38.381910258    2.460233425
    1.800000000  -38.366923981   -0.122168589
    1.810000000  -38.382740909   -3.411695939
    1.820000000  -38.429245741   -6.284499215
    1.830000000  -38.497059016   -7.322346654
    1.840000000  -38.564139609   -6.075020753
    1.850000000  -38.607948470   -2.678637961
    1.860000000  -38.609640750    1.884614300
    1.870000000  -38.564022494    6.614965304
    1.880000000  -38.475921178   10.373601809
    1.890000000  -38.357963711   12.642064991
    1.900000000  -38.225700263   13.137573919
    1.910000000  -38.094902605   12.258010833
    1.920000000  -37.977771358   10.540436364
    1.930000000  -37.880827953    8.301285760
    1.940000000  -37.807270009    5.932256995
    1.950000000  -37.756786626    3.896020200
    1.960000000  -37.723384922    2.559473756
    1.970000000  -37.696721586    2.650334783
    1.980000000  -37.660899674    4.554070532
    1.990000000  -37.596590754    8.033107519
    2.000000000  -37.490634618   12.721431650
    2.010000000  -37.336804588   17.480138134
    2.020000000  -37.140449864   20.971573257
    2.030000000  -36.920201895   22.159205869
    2.040000000  -36.702002580   20.564752593
    2.050000000  -36.512715412   16.537631796
    2.060000000  -36.370986147   11.384883951
    2.070000000  -36.279261006    6.713821218
    2.080000000  -36.223892172    4.386511873
    2.090000000  -36.174297728    5.661394259
    2.100000000  -36.092683911   10.923103451
    2.110000000  -35.940752740   19.467407112
    2.120000000  -35.692470262   29.780600312
    2.130000000  -35.340905115   39.848662585
    2.140000000  -34.897907441   47.756149904
    2.150000000  -34.391863124   52.321192626
    2.160000000  -33.858089992   53.388537371
    2.170000000  -33.327073376   51.956311355
    2.180000000  -32.817210090   49.526874863
    2.190000000  -32.329333207   47.601947928
    2.200000000  -31.854453564   47.347705747
    2.210000000  -31.372471008   48.784530333
    2.220000000  -30.868928494   51.495432473
    2.230000000  -30.336191692   54.558978067
    2.240000000  -29.774852328   57.103541952
    2.250000000  -29.192653964   58.632638068
    2.260000000  -28.600279818   59.273499445
    2.270000000  -28.003731081   59.376098553
    2.280000000  -27.405609014   59.721581764
    2.290000000  -26.801773071   60.619140494
    2.300000000  -26.185614855   62.113166333
    2.310000000  -25.553218789   63.922068802
    2.320000000  -24.903510931   65.455127614
    2.330000000  -24.241672500   66.276012866
    2.340000000  -23.576203163   66.235950441
    2.350000000  -22.915097012   65.557156754
    2.360000000  -22.260200871   64.874237334
    2.370000000  -21.608425411   65.151120455
    2.380000000  -20.946384266   67.028598475
    2.390000000  -20.256420715   70.835615029
    2.400000000  -19.519344890   76.388857083
    2.410000000  -18.719992653   83.029339438
    2.420000000  -17.852253287   90.008088861
    2.430000000  -16.916841353   96.470214530
    2.440000000  -15.921292834  101.916750779
    2.450000000  -14.876815544  106.466997233
    2.460000000  -13.789821838  110.441910161
    2.470000000  -12.662708078  114.428572385
    2.480000000  -11.494326389  118.895512174
    2.490000000  -10.280245106  123.469869697
    2.500000000   -9.023567210  127.240213498
    2.510000000   -7.738919380  128.770439218
    2.520000000   -6.456347535  126.693829119
    2.530000000   -5.216789917  120.042734426
    2.540000000   -4.067027284  108.810927858
    2.550000000   -3.049238787   93.919540186
    2.560000000   -2.192366179   76.931313151
    2.570000000   -1.507953531   59.661993390
    2.580000000   -0.990570380   43.774410717
    2.590000000   -0.620870331   30.400264531
    2.600000000   -0.370328773   19.920666343
    2.610000000   -0.210079384   12.328131228
    2.620000000   -0.113274358    7.207946948
    2.630000000   -0.057718912    3.954425840
    2.640000000   -0.027587556    2.020673596
    2.650000000   -0.012437517    0.970235498
    2.660000000   -0.004719327    0.383278690
    2.670000000   -0.001627579    0.137581529
    2.680000000   -0.000459006    0.040159430
    2.690000000   -0.000152630    0.014162156
    2.700000000   -0.000000000   -0.000000000
    2.710000000   -0.000000000   -0.000000000
    2.720000000   -0.000000000   -0.000000000
    2.730000000   -0.000000000   -0.000000000
    2.740000000   -0.000000000   -0.000000000
    2.750000000   -0.000000000   -0.000000000
    2.760000000   -0.000000000   -0.000000000
    2.770000000   -0.000000000   -0.000000000
    2.780000000   -0.000000000   -0.000000000
    2.790000000   -0.000000000   -0.000000000
    2.800000000   -0.000000000   -0.000000000
    2.810000000   -0.000000000   -0.000000000
    2.820000000   -0.000000000   -0.000000000
    2.830000000   -0.000000000   -0.000000000
    2.840000000   -0.000000000   -0.000000000
    2.850000000   -0.000000000   -0.000000000
    2.860000000   -0.000000000   -0.000000000
    2.870000000   -0.000000000   -0.000000000
    2.880000000   -0.000000000   -0.000000000
    2.890000000   -0.000000000   -0.000000000
    2.900000000   -0.000000000   -0.000000000
    2.910000000   -0.000000000   -0.000000000
    2.920000000   -0.000000000   -0.000000000
    2.930000000   -0.000000000   -0.000000000
    2.940000000   -0.000000000   -0.000000000
    2.950000000   -0.000000000   -0.000000000
    2.960000000   -0.000000000   -0.000000000
    2.970000000   -0.000000000   -0.000000000
    2.980000000   -0.000000000   -0.000000000
    2.990000000   -0.000000000   -0.000000000
    3.000000000   -0.000000000   -0.000000000
