#! FIELDS cv1 file.free der_cv1
#! SET min_cv1 0
#! SET max_cv1 3.0
#! SET nbins_cv1  301
#! SET periodic_cv1 false
    0.000000000   -7.839256416 -241.119559771
    0.010000000  -10.438185298 -276.788784840
    0.020000000  -13.339118232 -300.820169133
    0.030000000  -16.408610780 -310.232080686
    0.040000000  -19.496190796 -304.629338214
    0.050000000  -22.460744498 -286.205773711
    0.060000000  -25.194117572 -259.071155167
    0.070000000  -27.631889088 -227.873759745
    0.080000000  -29.755036861 -196.771455391
    0.090000000  -31.580286459 -168.676854558
    0.100000000  -33.146898381 -145.143079083
    0.110000000  -34.502715887 -126.527225574
    0.120000000  -35.695389626 -112.451762846
    0.130000000  -36.767719199 -102.220752055
    0.140000000  -37.752318132  -94.779517527
    0.150000000  -38.671934044  -89.031993681
    0.160000000  -39.538502676  -83.939621870
    0.170000000  -40.353226568  -78.582660972
    0.180000000  -41.109714792  -72.473402786
    0.190000000  -41.800542654  -65.617306136
    0.200000000  -42.418760348  -58.270377397
    0.210000000  -42.964417558  -51.271331543
    0.220000000  -43.446244600  -45.632635629
    0.230000000  -43.882899723  -42.316056061
    0.240000000  -44.301213182  -41.999621857
    0.250000000  -44.731527553  -44.881144169
    0.260000000  -45.204369590  -50.167727587
    0.270000000  -45.735907824  -56.528045551
    0.280000000  -46.329285567  -62.074188163
    0.290000000  -46.964748968  -64.921447866
    0.300000000  -47.610404166  -63.600751949
    0.310000000  -48.220284978  -57.926249219
    0.320000000  -48.753717342  -48.709886441
    0.330000000  -49.184392422  -37.806269572
    0.340000000  -49.507027592  -27.504512215
    0.350000000  -49.740195006  -19.962206364
    0.360000000  -49.916562463  -16.424780894
    0.370000000  -50.077867289  -16.977955628
    0.380000000  -50.261105523  -20.555950605
    0.390000000  -50.490087126  -25.704642284
    0.400000000  -50.772390130  -31.017865152
    0.410000000  -51.101991048  -35.097089874
    0.420000000  -51.462845108  -37.078602311
    0.430000000  -51.831278689  -36.433663073
    0.440000000  -52.178636046  -33.141335566
    0.450000000  -52.481976375  -27.613001698
    0.460000000  -52.723582591  -20.981741759
    0.470000000  -52.898986712  -14.972313775
    0.480000000  -53.022894041  -10.940255330
    0.490000000  -53.123076796  -10.221076352
    0.500000000  -53.234056777  -13.236198311
    0.510000000  -53.392717502  -19.279623519
    0.520000000  -53.622624795  -27.282345322
    0.530000000  -53.934721793  -35.451421329
    0.540000000  -54.321571724  -42.055690277
    0.550000000  -54.760461425  -45.638772097
    0.560000000  -55.217259330  -45.581086355
    0.570000000  -55.654323201  -41.904041809
    0.580000000  -56.040039402  -35.315601021
    0.590000000  -56.351441344  -27.539024018
    0.600000000  -56.587405725  -20.199858472
    0.610000000  -56.757953993  -15.088220829
    0.620000000  -56.890771897  -12.739013683
    0.630000000  -57.015681057  -13.138417737
    0.640000000  -57.154953279  -15.323332864
    0.650000000  -57.318758008  -17.674165001
    0.660000000  -57.499785342  -18.802662092
    0.670000000  -57.681853026  -17.777438347
    0.680000000  -57.844109341  -14.968656506
    0.690000000  -57.973934456  -11.625485498
    0.700000000  -58.074947046   -9.465556182
    0.710000000  -58.166453202  -10.090818475
    0.720000000  -58.282108821  -13.971328141
    0.730000000  -58.450778572  -20.768814332
    0.740000000  -58.693868934  -28.611395883
    0.750000000  -59.011859143  -35.128235222
    0.760000000  -59.380021042  -38.412438946
    0.770000000  -59.758719242  -37.083574677
    0.780000000  -60.099959379  -31.159948227
    0.790000000  -60.364741553  -21.797177455
    0.800000000  -60.526711823  -11.242402652
    0.810000000  -60.586651787   -1.539853676
    0.820000000  -60.562253060    5.368126489
    0.830000000  -60.486023026    8.632837926
    0.840000000  -60.394583366    8.346252394
    0.850000000  -60.320467807    5.495935927
    0.860000000  -60.282939328    1.409813862
    0.870000000  -60.287079179   -2.777472005
    0.880000000  -60.329280804   -6.146113922
    0.890000000  -60.400338238   -8.368349643
    0.900000000  -60.488882794   -9.753032398
    0.910000000  -60.587471640  -10.724022529
    0.920000000  -60.694907616  -11.507978242
    0.930000000  -60.812674345  -12.438107567
    0.940000000  -60.939065409  -13.538855223
    0.950000000  -61.075765912  -14.508156788
    0.960000000  -61.220396377  -15.076311453
    0.970000000  -61.368173457  -15.013292791
    0.980000000  -61.511510669  -14.199632613
    0.990000000  -61.643397534  -12.730284633
    1.000000000  -61.759014084  -11.015629405
    1.010000000  -61.857762943   -9.411174964
    1.020000000  -61.943160477   -8.449487041
    1.030000000  -62.023393156   -8.472068441
    1.040000000  -62.109656163   -9.520290977
    1.050000000  -62.209083621  -11.054902169
    1.060000000  -62.323897451  -12.387683543
    1.070000000  -62.446440393  -12.628452949
    1.080000000  -62.564449114  -11.343730504
    1.090000000  -62.663278339   -8.727710080
    1.100000000  -62.731497793   -5.619401219
    1.110000000  -62.770180228   -2.986478224
    1.120000000  -62.790442472   -1.940948853
    1.130000000  -62.809328821   -2.917330653
    1.140000000  -62.848457198   -5.709713055
    1.150000000  -62.921843312   -9.606198985
    1.160000000  -63.033930854  -13.456879216
    1.170000000  -63.179387812  -16.023788293
    1.180000000  -63.340754072  -16.501427812
    1.190000000  -63.494911274  -14.653558323
    1.200000000  -63.621052574  -10.932081975
    1.210000000  -63.704199576   -6.356551918
    1.220000000  -63.742803461   -2.268663544
    1.230000000  -63.749111829    0.170740247
    1.240000000  -63.741746579    0.053871390
    1.250000000  -63.746803225   -2.027894561
    1.260000000  -63.779430287   -5.263012412
    1.270000000  -63.844866162   -8.316285250
    1.280000000  -63.932984803   -9.793312211
    1.290000000  -64.025354006   -8.944067469
    1.300000000  -64.099201542   -6.158394273
    1.310000000  -64.139233197   -2.553673230
    1.320000000  -64.144785765    0.542046313
    1.330000000  -64.127453315    1.926512019
    1.340000000  -64.107194812    1.068327382
    1.350000000  -64.105253008   -1.745602617
    1.360000000  -64.137087267   -5.263832243
    1.370000000  -64.201873659   -8.446184612
    1.380000000  -64.293128543  -10.062460607
    1.390000000  -64.392144136  -10.187028823
    1.400000000  -64.486231358   -9.188197899
    1.410000000  -64.567958742   -7.761352658
    1.420000000  -64.635985045   -6.464680647
    1.430000000  -64.691241698   -5.427528137
    1.440000000  -64.736129922   -4.110636162
    1.450000000  -64.765951159   -2.417382123
    1.460000000  -64.775682281   -0.368796366
    1.470000000  -64.766620299    1.400036571
    1.480000000  -64.745359834    1.825509147
    1.490000000  -64.729513297    0.238059524
    1.500000000  -64.739958327   -3.265034773
    1.510000000  -64.792510460   -7.969956680
    1.520000000  -64.891191946  -12.233918708
    1.530000000  -65.024816179  -14.806822217
    1.540000000  -65.171858823  -14.813304344
    1.550000000  -65.304629375  -12.233554051
    1.560000000  -65.401795045   -7.515779184
    1.570000000  -65.445324758   -1.664356777
    1.580000000  -65.428298837    4.150007337
    1.590000000  -65.357668860    9.136640864
    1.600000000  -65.245800451   12.282823143
    1.610000000  -65.114261122   12.865595333
    1.620000000  -64.991264083   10.461876293
    1.630000000  -64.907371664    4.950240492
    1.640000000  -64.892004337   -3.026439098
    1.650000000  -64.965975053  -12.375846352
    1.660000000  -65.132779132  -21.430556281
    1.670000000  -65.379695393  -28.198914267
    1.680000000  -65.677139468  -31.295497344
    1.690000000  -65.983644305  -29.959819539
    1.700000000  -66.255495643  -24.543918098
    1.710000000  -66.457946976  -16.410239324
    1.720000000  -66.572898666   -7.304808988
    1.730000000  -66.599420113    1.039367144
    1.740000000  -66.551602189    7.494873575
    1.750000000  -66.451426994   11.376131532
    1.760000000  -66.325651760   12.508441620
    1.770000000  -66.201922416   11.185498761
    1.780000000  -66.103058984    7.446858552
    1.790000000  -66.052072339    1.780008343
    1.800000000  -66.063960227   -5.008634510
    1.810000000  -66.144477475  -11.579974727
    1.820000000  -66.283464838  -16.598265832
    1.830000000  -66.459066493  -18.678516123
    1.840000000  -66.639402935  -17.500394223
    1.850000000  -66.792155138  -13.349138947
    1.860000000  -66.892720431   -7.329017860
    1.870000000  -66.928354901   -0.739960338
    1.880000000  -66.900853703    5.338354674
    1.890000000  -66.819044619   10.173897776
    1.900000000  -66.697361778   13.147232513
    1.910000000  -66.554975817   14.234710653
    1.920000000  -66.410880110   13.404427339
    1.930000000  -66.283974602   10.872333227
    1.940000000  -66.189794793    7.116569751
    1.950000000  -66.135543304    3.181338292
    1.960000000  -66.116031386    0.211073706
    1.970000000  -66.115357674   -0.248069411
    1.980000000  -66.104341724    2.489690137
    1.990000000  -66.050041320    7.940524510
    2.000000000  -65.930904663   15.069035738
    2.010000000  -65.741103869   21.922183540
    2.020000000  -65.492559858   26.456350143
    2.030000000  -65.216788660   27.307046887
    2.040000000  -64.952488899   24.146893754
    2.050000000  -64.736705076   17.845396902
    2.060000000  -64.592058058   10.320056947
    2.070000000  -64.520074909    3.650496843
    2.080000000  -64.500761402    0.005869944
    2.090000000  -64.496855633    0.730963027
    2.100000000  -64.463077879    6.065527803
    2.110000000  -64.355547713   15.212164461
    2.120000000  -64.144235554   26.488382629
    2.130000000  -63.818452767   37.622288336
    2.140000000  -63.390900505   46.537910615
    2.150000000  -62.890971721   51.700124625
    2.160000000  -62.361562181   52.814435372
    2.170000000  -61.838384436   50.578197402
    2.180000000  -61.347585779   46.661923286
    2.190000000  -60.896103978   42.894880716
    2.200000000  -60.475704226   40.913296924
    2.210000000  -60.062977950   41.189599183
    2.220000000  -59.636277414   43.523463657
    2.230000000  -59.180120101   46.987557588
    2.240000000  -58.688295923   50.593032925
    2.250000000  -58.163233961   53.420383141
    2.260000000  -57.614234926   55.534381253
    2.270000000  -57.046410626   57.070641276
    2.280000000  -56.462921434   58.766983976
    2.290000000  -55.860617306   60.951309340
    2.300000000  -55.233608838   63.638692218
    2.310000000  -54.578260004   66.639861257
    2.320000000  -53.893839619   69.311547002
    2.330000000  -53.186759307   71.175577035
    2.340000000  -52.467404009   71.772371085
    2.350000000  -51.749489592   71.028781286
    2.360000000  -51.043571402   69.139732477
    2.370000000  -50.359481935   66.794967649
    2.380000000  -49.698010703   64.534282468
    2.390000000  -49.056613997   62.966027053
    2.400000000  -48.426371824   62.327056840
    2.410000000  -47.796594338   62.722806675
    2.420000000  -47.156800656   64.530503926
    2.430000000  -46.489404746   68.335867315
    2.440000000  -45.767442110   75.756705160
    2.450000000  -44.943442580   89.424884495
    2.460000000  -43.939207184  112.385722373
    2.470000000  -42.646266090  147.184516840
    2.480000000  -40.941556988  194.852992357
    2.490000000  -38.705051441  252.900826105
    2.500000000  -35.859663935  315.353951524
    2.510000000  -32.403262711  373.414412648
    2.520000000  -28.428972392  417.498179121
    2.530000000  -24.118706385  439.505406343
    2.540000000  -19.717911641  435.304415634
    2.550000000  -15.489547902  405.729393377
    2.560000000  -11.663068328  355.911488638
    2.570000000   -8.402138947  294.125806608
    2.580000000   -5.782145770  229.119463622
    2.590000000   -3.796790013  168.388773373
    2.600000000   -2.375841582  116.758591163
    2.610000000   -1.415315920   76.403983444
    2.620000000   -0.802376344   47.238976177
    2.630000000   -0.431737837   27.519322440
    2.640000000   -0.220006786   15.083503219
    2.650000000   -0.105315379    7.707806045
    2.660000000   -0.046193182    3.569873847
    2.670000000   -0.018259164    1.476741134
    2.680000000   -0.006317905    0.529947383
    2.690000000   -0.001795746    0.155176608
    2.700000000   -0.000442130    0.039241493
    2.710000000   -0.000073345    0.006772331
    2.720000000   -0.000000000   -0.000000000
    2.730000000   -0.000000000   -0.000000000
    2.740000000   -0.000000000   -0.000000000
    2.750000000   -0.000000000   -0.000000000
    2.760000000   -0.000000000   -0.000000000
    2.770000000   -0.000000000   -0.000000000
    2.780000000   -0.000000000   -0.000000000
    2.790000000   -0.000000000   -0.000000000
    2.800000000   -0.000000000   -0.000000000
    2.810000000   -0.000000000   -0.000000000
    2.820000000   -0.000000000   -0.000000000
    2.830000000   -0.000000000   -0.000000000
    2.840000000   -0.000000000   -0.000000000
    2.850000000   -0.000000000   -0.000000000
    2.860000000   -0.000000000   -0.000000000
    2.870000000   -0.000000000   -0.000000000
    2.880000000   -0.000000000   -0.000000000
    2.890000000   -0.000000000   -0.000000000
    2.900000000   -0.000000000   -0.000000000
    2.910000000   -0.000000000   -0.000000000
    2.920000000   -0.000000000   -0.000000000
    2.930000000   -0.000000000   -0.000000000
    2.940000000   -0.000000000   -0.000000000
    2.950000000   -0.000000000   -0.000000000
    2.960000000   -0.000000000   -0.000000000
    2.970000000   -0.000000000   -0.000000000
    2.980000000   -0.000000000   -0.000000000
    2.990000000   -0.000000000   -0.000000000
    3.000000000   -0.000000000   -0.000000000
